Points:  0
a: [7.084309986365117, 7.123605500849999, 7.094454259353883, 7.082225224922998, 7.134983729063924, 7.10682211750361, 7.0803852420402205, 7.0838908324992955, 7.120425861195779, 7.148147314304242, 7.104464749104692, 7.116708550601455, 7.080077853715663, 7.085199296240111, 7.083187686354922, 7.153864388122885, 7.089106400970462, 7.082143963844693, 7.090228769766957, 7.094552198664935, 7.080958095298664, 7.085205751486916, 7.13337056705897, 7.080479801766354, 7.134254661462626, 7.105704530819158, 7.084828297820646, 7.0967911308198275, 7.080777330971821, 7.106152313586806]
mean: 7.100910213552589
lb: 7.092599015084083  ub: 7.109221412021094
lb: 7.092599015084081  ub: 7.109221412021093
ci_lb: 0.016622396937011175
ci_ub: -0.016622396937011175
Points:  1
a: [7.664365096891281, 7.620642526623272, 7.641178405882501, 7.620719617631395, 7.62013678803196, 7.640924943514986, 7.688880955710412, 7.659184379616712, 7.633049874938211, 7.634794284355643, 7.6226951238994, 7.628162625362489, 7.6641582784298175, 7.663449513212448, 7.643437918217877, 7.633191846292581, 7.666144859284769, 7.639116749661868, 7.645881818411612, 7.625798933313864, 7.661383219260217, 7.621084076371513, 7.663841520696405, 7.62944225174379, 7.638574736985919, 7.646295343567942, 7.620605206986935, 7.620113600858683, 7.630143050892666, 7.663343641631658]
mean: 7.641691372942627
lb: 7.634762239675283  ub: 7.648620506209971
lb: 7.6347622396752834  ub: 7.648620506209972
ci_lb: 0.013858266534688468
ci_ub: -0.013858266534688468
Points:  2
a: [8.17163108155206, 8.17723613678747, 8.176383373772222, 8.200400441739362, 8.18744225672364, 8.216064462305383, 8.18936501136809, 8.177601521400904, 8.178246671226049, 8.184628530221456, 8.182865197760954, 8.173086529818718, 8.184576310708497, 8.266006488643441, 8.180651583387686, 8.17703480133077, 8.213387877994887, 8.17032692370841, 8.171648476077046, 8.179934969763043, 8.21270518681347, 8.231585007990212, 8.212184652063751, 8.223635882443705, 8.240061978878815, 8.174434198326077, 8.19887248899732, 8.170863375264284, 8.171617433911477, 8.176308504043083]
mean: 8.192359578500744
lb: 8.183320892770908  ub: 8.20139826423058
lb: 8.18332089277091  ub: 8.201398264230582
ci_lb: 0.01807737145967181
ci_ub: -0.01807737145967181
Points:  3
a: [8.856225064751788, 8.852386091941838, 8.936585265978117, 8.862661424856189, 8.869605228619408, 8.873539780697374, 8.861510864432914, 8.89560903812156, 8.877077237191143, 8.874906180927024, 8.856564614992063, 8.86221602578839, 8.885513801682949, 8.875464519169395, 8.883928099255284, 8.851482900929431, 8.853150075263748, 8.922430947347666, 8.870231458398345, 8.871229224977226, 8.874122239512372, 8.850618192868438, 8.901085844794789, 8.869045089499668, 8.86662147442529, 8.865922368523472, 8.89157725839077, 8.850094292643023, 8.853099393913826, 8.880037921772821]
mean: 8.873151397388881
lb: 8.865485232592194  ub: 8.880817562185568
lb: 8.865485232592192  ub: 8.880817562185566
ci_lb: 0.015332329593373828
ci_ub: -0.015332329593373828
Points:  4
a: [9.080146313796657, 9.093647294406866, 9.080192256818442, 9.119037804869821, 9.145500968071914, 9.133622903865383, 9.091387777874747, 9.085058190381476, 9.13183462524958, 9.08093369163656, 9.08400113635177, 9.083380671851451, 9.10099326390232, 9.12573630892008, 9.091736440489386, 9.114346023972066, 9.103019455888486, 9.10903024241783, 9.166617297208093, 9.081078904354321, 9.085222640022598, 9.098561910270178, 9.087478564169116, 9.118932449330137, 9.08784383226919, 9.102336256480958, 9.096880396482733, 9.101392565323525, 9.126881364782887, 9.087714629100294]
mean: 9.10315153935196
lb: 9.094977435416155  ub: 9.111325643287767
lb: 9.094977435416155  ub: 9.111325643287767
ci_lb: 0.016348207871612175
ci_ub: -0.016348207871612175
Points:  5
a: [9.45858193264099, 9.455532602591207, 9.458055919666029, 9.46985921311914, 9.452012197998805, 9.465901800359392, 9.470069783486728, 9.457562162034291, 9.450397499328687, 9.530208796093557, 9.451191784116528, 9.48634251187669, 9.467215682365536, 9.46567949193333, 9.45074492620191, 9.450557062841261, 9.465606095373301, 9.46246311083506, 9.485472291161525, 9.4669195988317, 9.49660754837592, 9.450452254034106, 9.451054427879503, 9.454345109516673, 9.463873488457496, 9.478198354519407, 9.454045830554225, 9.469758394096765, 9.483077889516036, 9.459884605844065]
mean: 9.466055745521663
lb: 9.459637463814056  ub: 9.47247402722927
lb: 9.459637463814056  ub: 9.47247402722927
ci_lb: 0.01283656341521322
ci_ub: -0.01283656341521322
Points:  6
a: [9.937558413592027, 9.897669700917795, 9.913245130860657, 9.927010842172285, 9.898169175313392, 9.907440441152753, 9.926712874565242, 9.894863392679907, 9.89402932036711, 9.89486778289681, 9.894350019335905, 9.893336439082992, 9.983769095301206, 9.924008655366046, 9.893623757275607, 9.898125197894636, 9.940362645620604, 9.928062835611533, 9.906859140329798, 9.918559559259439, 9.926698947981437, 9.909587160215452, 9.894829515678506, 9.892556427603665, 9.90121014615226, 9.937275967551082, 9.940356551920305, 9.923535650705317, 9.93550177815358, 9.916845542809941]
mean: 9.915034070278912
lb: 9.907150051913424  ub: 9.9229180886444
lb: 9.907150051913426  ub: 9.922918088644401
ci_lb: 0.015768036730975155
ci_ub: -0.015768036730975155
Points:  7
a: [10.06295476641212, 10.109999538375389, 10.03636106070565, 10.066113098829845, 10.049451380835905, 10.05985734549364, 10.030019708788727, 10.032112677915224, 10.036880279257886, 10.032463878726805, 10.038479624474206, 10.041277909076474, 10.03025448250164, 10.040276709548124, 10.048151649254711, 10.0531489482486, 10.107355007171646, 10.03794143308076, 10.03051554348334, 10.04289689918842, 10.057230474285346, 10.03481560384288, 10.033497279199521, 10.03409566737301, 10.035014108497949, 10.067550582914043, 10.059625407403505, 10.03046150969552, 10.110552507444472, 10.057981606712202]
mean: 10.050244556291252
lb: 10.041577080447217  ub: 10.058912032135288
lb: 10.041577080447217  ub: 10.058912032135288
ci_lb: 0.017334951688070532
ci_ub: -0.017334951688070532
Points:  8
a: [10.255117152913785, 10.251758265732857, 10.257784801156054, 10.278861411036637, 10.276232116293732, 10.25254443727433, 10.27209367823467, 10.286662620783153, 10.269113960078883, 10.256275272220023, 10.2623865037271, 10.264847254734068, 10.276983173425693, 10.33932054084347, 10.25467829775352, 10.250882647200475, 10.289061393179837, 10.289743773043385, 10.251342881962618, 10.272888955604861, 10.308219806666067, 10.320175851401837, 10.278160482883056, 10.25230046397287, 10.255981745398039, 10.254321981366001, 10.257902542023576, 10.283278417670244, 10.260594894300734, 10.258459816173632]
mean: 10.271265837968508
lb: 10.263196785023167  ub: 10.27933489091385
lb: 10.263196785023167  ub: 10.27933489091385
ci_lb: 0.016138105890682652
ci_ub: -0.016138105890682652
Points:  9
a: [10.630228684220441, 10.696437577822996, 10.635014434810282, 10.66105548487756, 10.645002440121766, 10.633140548820963, 10.632185363621748, 10.653412058165932, 10.635400631464385, 10.684756918950882, 10.63614430398844, 10.646976796195181, 10.675791965869388, 10.636042895222403, 10.644591886270941, 10.682465393406291, 10.63001366927316, 10.6464600545943, 10.663505031231487, 10.64686953114839, 10.657850015884664, 10.670396086648935, 10.645236740047073, 10.65439817629461, 10.637535170944956, 10.668847264688518, 10.633556625515384, 10.639296231765512, 10.669497485218788, 10.636661673430575]
mean: 10.650959038017199
lb: 10.64414826615026  ub: 10.657769809884137
lb: 10.64414826615026  ub: 10.657769809884137
ci_lb: 0.013621543733876251
ci_ub: -0.013621543733876251
