Points:  0
a: [10.187731354966763, 10.194066930390138, 10.192026199404692, 10.24137836025049, 10.206162340757162, 10.195569584906993, 10.19131668557302, 10.197726705258706, 10.212885826290039, 10.236654088640693, 10.210847622611501, 10.245560263718144, 10.2145612506736, 10.20574444625361, 10.183048733799893, 10.191024160043204, 10.231474257809397, 10.25106792744271, 10.206372727890688, 10.219994076319475, 10.235478458233633, 10.231436711362374, 10.182988258905256, 10.199377515136538, 10.201387534616838, 10.184771256731818, 10.188412030473337, 10.242956064112445, 10.205691781246147, 10.191548269231308]
mean: 10.209308714101688
lb: 10.20149178759084  ub: 10.217125640612537
lb: 10.20149178759084  ub: 10.217125640612537
ci_lb: 0.015633853021697064
ci_ub: -0.015633853021697064
Points:  1
a: [12.862327155807133, 12.85873039904007, 12.860701379628226, 12.853663460946557, 12.850043366189993, 12.878872898703198, 12.89682487384224, 12.879075790437415, 12.8673817387773, 12.857970076290004, 12.853954578832273, 12.857388352539408, 12.855613383323368, 12.882607070694371, 12.85035886160363, 12.860923791269709, 12.90853702987456, 12.884488847447537, 12.856346258344178, 12.854121627640131, 12.86314239421309, 12.886240665818114, 12.860658729824689, 12.851334677996675, 12.906596398518468, 12.86674461590585, 12.867385480583954, 12.855774802579367, 12.862260048909816, 12.850460370157679]
mean: 12.8666843041913
lb: 12.860571656757509  ub: 12.872796951625093
lb: 12.860571656757509  ub: 12.872796951625093
ci_lb: 0.012225294867583614
ci_ub: -0.012225294867583614
Points:  2
a: [14.765389552353287, 14.744599971832084, 14.742215694201713, 14.756717826127165, 14.753221890893402, 14.743640732560317, 14.789425331643193, 14.797809431311178, 14.748141386209364, 14.77353152399546, 14.763693165119232, 14.806452887697946, 14.805717873225838, 14.75009869517506, 14.760622712970607, 14.769940723633493, 14.752805360056277, 14.7779076765314, 14.747749804208619, 14.815868033827531, 14.750223326429682, 14.767284881287747, 14.810759586984446, 14.75592512705623, 14.740329913494813, 14.77689513213762, 14.786353075022983, 14.777859381139702, 14.76135232293785, 14.760541030452961]
mean: 14.768435801683905
lb: 14.760253877378874  ub: 14.776617725988936
lb: 14.760253877378878  ub: 14.77661772598894
ci_lb: 0.016363848610062348
ci_ub: -0.016363848610062348
Points:  3
a: [15.965438215091146, 15.96184989407036, 15.956229833317053, 16.03057433198188, 15.965924543198131, 15.973949900998742, 15.945168161785466, 15.985082654249362, 15.940887062873117, 15.987619837118842, 16.016547455034317, 15.959762833489618, 15.963031739844691, 16.022657285227215, 15.96070310410686, 15.950606030807664, 15.99517498763012, 15.948983824114052, 15.952420260512676, 15.965465945133301, 15.947982739511021, 15.957489631366801, 15.948968458685142, 15.955970136263037, 16.000440178603522, 15.946739072688302, 15.943358812117097, 15.946404783953623, 16.00805859476171, 15.970514310301171]
mean: 15.969133487294533
lb: 15.959732469440153  ub: 15.978534505148913
lb: 15.959732469440153  ub: 15.978534505148913
ci_lb: 0.01880203570875949
ci_ub: -0.01880203570875949
Points:  4
a: [17.92081302783553, 17.87055182131245, 17.894443248836915, 17.93207666263143, 17.880723172495358, 17.87803574401922, 17.862726223440465, 17.931068282213904, 17.86985762165683, 17.87004067680629, 17.88850291522028, 17.886920939576097, 17.894845344903477, 17.877175029316433, 17.87329763492503, 17.875989976347885, 17.87533425715728, 17.90115445056561, 17.89678438864502, 17.868073983816437, 17.91804934841783, 17.95624085838135, 17.88992583634749, 17.922384107356503, 17.860933749440008, 17.867636888081066, 17.86182185188191, 17.876411573038983, 17.91755143496948, 17.86135234264253]
mean: 17.8893574464093
lb: 17.87999344967216  ub: 17.89872144314644
lb: 17.87999344967216  ub: 17.89872144314644
ci_lb: 0.018727993474279003
ci_ub: -0.018727993474279003
Points:  5
a: [19.23039794871464, 19.260749759926842, 19.26418490417327, 19.24111530744665, 19.276418254307636, 19.230382526335074, 19.277781384769245, 19.287030961507806, 19.254188668586654, 19.26664615170934, 19.23016758399845, 19.2308645770901, 19.243497242434163, 19.256148404137758, 19.267949075579587, 19.26483596139518, 19.302575905076495, 19.280862000366817, 19.276544347645753, 19.23497361844257, 19.31150192379275, 19.234049288400307, 19.2337138791662, 19.27870925067217, 19.24052176417627, 19.2445640549848, 19.32422890277543, 19.232953605506363, 19.24535004162464, 19.255778992839556]
mean: 19.259289542919415
lb: 19.249771586195727  ub: 19.268807499643103
lb: 19.24977158619573  ub: 19.268807499643106
ci_lb: 0.019035913447375208
ci_ub: -0.019035913447375208
Points:  6
a: [21.111146558307397, 21.081348861813307, 21.082973226292413, 21.08075849655102, 21.091868506430565, 21.08007860787708, 21.08082504145251, 21.153605272558472, 21.177203727400993, 21.081370569809305, 21.113071800469598, 21.094224837803317, 21.082878013264853, 21.099450958230165, 21.131508818462176, 21.095201408127508, 21.114555041464925, 21.094525617188083, 21.08460104395322, 21.090370118032, 21.157933517229107, 21.10290378946215, 21.093444746396028, 21.14105599872426, 21.08362330071637, 21.087947062867514, 21.087456379951043, 21.09733097661054, 21.10845088132427, 21.115380315085385]
mean: 21.10323644979519
lb: 21.093705300184556  ub: 21.112767599405824
lb: 21.093705300184556  ub: 21.112767599405824
ci_lb: 0.01906229922126812
ci_ub: -0.01906229922126812
Points:  7
a: [23.941274349283052, 23.93832883139451, 23.92131866549129, 23.93131332049795, 23.925426763626525, 23.940705534083698, 23.931018833545266, 23.95227738799371, 23.921224585626234, 23.92423974273652, 24.013382814655074, 23.938922337601305, 23.96058411281963, 23.957582200729846, 23.95940247806094, 23.976982521056826, 23.934969864402763, 23.924258652184562, 23.974327061996274, 23.970494661534577, 23.92040498985813, 23.926280108959848, 23.942173793473152, 23.940802968277065, 23.939417506389116, 23.926509761924137, 23.932311915871054, 23.994008667193587, 23.925847469808563, 23.928125811686705]
mean: 23.94379725709207
lb: 23.93520268693834  ub: 23.952391827245798
lb: 23.935202686938332  ub: 23.95239182724579
ci_lb: 0.017189140307458217
ci_ub: -0.017189140307458217
Points:  8
a: [25.77509045904333, 25.78757982748323, 25.79440938871615, 25.774623720786316, 25.798319199581947, 25.791799267994687, 25.84369564485945, 25.836089037210723, 25.78353364454056, 25.779659622609973, 25.79148553308556, 25.771504061914783, 25.77921473405196, 25.784120728461897, 25.795910969523888, 25.781191095782084, 25.838929117448593, 25.789058836105575, 25.7937657277273, 25.77558863960114, 25.7728653734072, 25.80431530877702, 25.783603075344278, 25.837903986651476, 25.801613222080178, 25.824470119341076, 25.807242488075257, 25.777771051595234, 25.82458921873563, 25.77184261391016]
mean: 25.795726190481556
lb: 25.78749729612728  ub: 25.80395508483583
lb: 25.78749729612728  ub: 25.80395508483583
ci_lb: 0.01645778870854997
ci_ub: -0.01645778870854997
Points:  9
a: [26.90498523470652, 26.890409891237447, 26.904526323430197, 26.926869081788894, 26.896341311791694, 26.898867315248257, 26.902431057387602, 26.892068948269483, 26.96645686621243, 26.90472678887275, 26.893270454330935, 26.915180140742585, 26.902783011597364, 26.92774947140821, 26.911858066828508, 26.89357656601716, 26.938280924474967, 26.900424676216268, 26.901592433926645, 26.896869289326762, 26.90679373137232, 26.902066615497926, 26.898406952196073, 26.95257700587288, 26.892087288316052, 26.925697794184114, 26.933448576074706, 26.895631868800685, 26.968748035270142, 26.93506530484781]
mean: 26.912659700874908
lb: 26.90447851005272  ub: 26.920840891697097
lb: 26.90447851005272  ub: 26.920840891697097
ci_lb: 0.01636238164437742
ci_ub: -0.01636238164437742
