Points:  0
a: [15.203589774516315, 15.253027273736107, 15.251944245988938, 15.208275700227897, 15.190051964815138, 15.21955321099265, 15.200002118620121, 15.197701067015512, 15.196241854801748, 15.191127623876968, 15.214069530455166, 15.191113174852646, 15.193604839106705, 15.193899508051977, 15.196094143796246, 15.223780404041255, 15.197494585770828, 15.21213797137721, 15.194239882614212, 15.199530207973892, 15.190664052123706, 15.195511108294456, 15.247056449948753, 15.214862660443849, 15.202099191676107, 15.220451101302645, 15.19409292462375, 15.195497105804256, 15.206202377015982, 15.20847872086446]
mean: 15.206746492490984
lb: 15.200146836436797  ub: 15.21334614854517
lb: 15.200146836436796  ub: 15.213346148545169
ci_lb: 0.013199312108373107
ci_ub: -0.013199312108373107
Points:  1
a: [17.213662687393533, 17.161493337239126, 17.15647927761812, 17.159490560523718, 17.15359998247981, 17.170773104202123, 17.177300204634236, 17.163550358790232, 17.150307817085377, 17.205333147832967, 17.187859089126423, 17.21974456871691, 17.158313714517533, 17.16172144833627, 17.15155601175031, 17.205939781271333, 17.172668616282763, 17.159236721913924, 17.164537681947323, 17.2200578159497, 17.173357833285404, 17.15690524542662, 17.167310530547372, 17.187748909239392, 17.216402880130826, 17.151295939515283, 17.159135418688475, 17.189310769751582, 17.179153079344438, 17.181557130740565]
mean: 17.175860122142726
lb: 17.167583420662222  ub: 17.18413682362323
lb: 17.167583420662222  ub: 17.18413682362323
ci_lb: 0.0165534029610086
ci_ub: -0.0165534029610086
Points:  2
a: [19.447860476833654, 19.399351620094457, 19.405505417839958, 19.394280398765527, 19.4212466920242, 19.47611698454814, 19.40433533930625, 19.42071506955999, 19.43356374766731, 19.417164344377404, 19.44422380700987, 19.400584107749584, 19.39655626824169, 19.43260396720292, 19.433738221745458, 19.399201020943742, 19.395598232691114, 19.395571104166603, 19.40673524738337, 19.390061016038473, 19.427165549117415, 19.411556501986528, 19.409518315993225, 19.415038569799503, 19.448858822055286, 19.3901290471748, 19.393699694317522, 19.391087420990807, 19.42812192562832, 19.405439528517938]
mean: 19.414520948659042
lb: 19.40658220686065  ub: 19.422459690457433
lb: 19.40658220686065  ub: 19.422459690457433
ci_lb: 0.01587748359678187
ci_ub: -0.01587748359678187
Points:  3
a: [21.56549815427923, 21.553749260563503, 21.540374761874894, 21.605397152493197, 21.542007754656144, 21.54909810347794, 21.551709421693282, 21.54438858005512, 21.557170091166014, 21.58640456513851, 21.552252348778193, 21.55086319325909, 21.558341218536032, 21.549302659216174, 21.569583120824337, 21.595531202510276, 21.551660507630693, 21.56338449666485, 21.542532287294183, 21.54280345181037, 21.54149234439006, 21.613747915041152, 21.579035647955205, 21.601295331911718, 21.558455607928245, 21.552525864952127, 21.578372085316126, 21.548550595213086, 21.55332409876105, 21.57777992905093]
mean: 21.562554391748062
lb: 21.554875728401612  ub: 21.570233055094512
lb: 21.554875728401612  ub: 21.570233055094512
ci_lb: 0.01535732669290013
ci_ub: -0.01535732669290013
Points:  4
a: [23.589862817455806, 23.553050977181613, 23.55653341661417, 23.625520261505244, 23.563180660031083, 23.600637458256212, 23.602808897586915, 23.55156064253879, 23.554731399474846, 23.603580293017075, 23.5791307128483, 23.56425655240875, 23.57770492830609, 23.570647227224654, 23.58050845884421, 23.554463903532778, 23.569438894913134, 23.62707044076615, 23.550614038197644, 23.57517374340074, 23.55914887442662, 23.634261346577333, 23.588488819089005, 23.55113715289748, 23.550578924020275, 23.587285858700028, 23.550611255401307, 23.560622244376802, 23.57524239861186, 23.56753482232329]
mean: 23.575846247350945
lb: 23.56680841511016  ub: 23.58488407959173
lb: 23.566808415110156  ub: 23.584884079591728
ci_lb: 0.018075664481571607
ci_ub: -0.018075664481571607
Points:  5
a: [24.933798099825772, 24.945954603514583, 24.963017728900706, 24.93550621011459, 24.958021033823943, 24.930174605221726, 24.96839232289294, 24.991278456020268, 24.945643288705337, 24.93024565160676, 24.947465941170584, 24.960308978419295, 24.945056684297253, 24.932589165254097, 24.930703370888633, 24.959546459270694, 24.930060577354975, 24.98222178818003, 24.93765719288896, 24.93626126682993, 25.00732898873147, 25.00004250505933, 25.010268607800725, 24.936362833403063, 24.93165387700053, 24.948800595425425, 24.956162789261743, 24.932422816713903, 24.938068207079866, 24.947884441021298]
mean: 24.952429969555947
lb: 24.943519964147335  ub: 24.96133997496456
lb: 24.943519964147338  ub: 24.961339974964563
ci_lb: 0.01782001081722484
ci_ub: -0.01782001081722484
Points:  6
a: [25.98612335553012, 26.0102321852307, 25.991821709149384, 25.991288828005196, 26.029924571152193, 26.02531058162656, 25.980846820788635, 25.98417215169809, 26.047231542435355, 26.038716718792124, 26.004643265500963, 25.992732446885984, 26.032689811437923, 26.005832236692648, 25.99009244797559, 25.985210341960318, 25.984870942427023, 25.99014596208975, 25.99433949023708, 25.99744685943636, 26.044234241543858, 25.98103872335335, 25.980248279323497, 25.987434773849547, 25.996295213855017, 25.98690299529968, 25.9817075736371, 26.02602436859804, 25.982104108965444, 26.044200690026745]
mean: 26.002462107916813
lb: 25.99416007238704  ub: 26.010764143446586
lb: 25.994160072387036  ub: 26.010764143446583
ci_lb: 0.016604071059546754
ci_ub: -0.016604071059546754
Points:  7
a: [28.92240880994662, 28.920582225766605, 28.92779326801315, 28.933964301631665, 28.97581120843456, 28.930740330797796, 28.94409216440803, 28.946060633279437, 28.9532033114975, 28.921964478476628, 28.939413999051308, 28.933441506801614, 28.92625578172331, 28.920101530957552, 28.92049855779132, 28.97081531393555, 28.936280440671514, 28.92008948822672, 28.97001460294228, 28.95273822388099, 28.98828064805914, 28.93921271864776, 28.95734387291269, 28.92761970272167, 28.961680760763077, 28.92615603582743, 28.920793683947082, 28.953967788131422, 28.951210053497345, 28.933587603286657]
mean: 28.94087076820095
lb: 28.933806219846826  ub: 28.94793531655507
lb: 28.933806219846822  ub: 28.947935316555068
ci_lb: 0.01412909670824547
ci_ub: -0.01412909670824547
Points:  8
a: [30.90186075614506, 30.89556485306635, 30.870237913776077, 30.87309891451925, 30.951757537996002, 30.878690176703785, 30.902991853554838, 30.910752389021845, 30.88490339042012, 30.8949451448213, 30.908623845292254, 30.902078044531745, 30.880126795499947, 30.870341624483824, 30.8793929204731, 30.89212882796578, 30.880245487098318, 30.909574825560696, 30.919189955691408, 30.872260637343082, 30.88697096211382, 30.871614789197302, 30.875624617181945, 30.88257144652481, 30.911655805175116, 30.89326319452784, 30.888605439309526, 30.895321094035936, 30.881681505194585, 30.893287396591756]
mean: 30.89197873812725
lb: 30.885306309070764  ub: 30.898651167183736
lb: 30.88530630907077  ub: 30.898651167183743
ci_lb: 0.013344858112972702
ci_ub: -0.013344858112972702
Points:  9
a: [32.05370468018974, 32.100667437518766, 32.052186065037795, 32.096360740330894, 32.09136392120722, 32.09534828177879, 32.053047527745825, 32.07182392269724, 32.0706995752707, 32.064844818426884, 32.05294760453248, 32.05022135696164, 32.068497055775346, 32.05935529282979, 32.08572428660297, 32.05376901846059, 32.061253704679544, 32.05217492016233, 32.05407787739365, 32.05565440744992, 32.05116461048947, 32.06955717113819, 32.10551615896219, 32.08232244859263, 32.067948175396076, 32.07928176223045, 32.06086600155225, 32.06092509325715, 32.11296131930208, 32.05449390818129]
mean: 32.06962530480513
lb: 32.062725029342545  ub: 32.07652558026771
lb: 32.06272502934254  ub: 32.076525580267706
ci_lb: 0.013800550925168409
ci_ub: -0.013800550925168409
