Points:  0
a: [20.844863587176587, 20.88787495333963, 20.84490727673631, 20.87410430800062, 20.873967195985834, 20.876055858408893, 20.890084301532237, 20.842792186222667, 20.847163364312564, 20.894396557568253, 20.928899549023132, 20.841687481136407, 20.869268214123448, 20.864848373648126, 20.86668966766301, 20.91335943921358, 20.859915630408075, 20.8438996312544, 20.843832620679628, 20.864020754374963, 20.860170926542338, 20.843027240456923, 20.847148123666784, 20.873356961436038, 20.84368941907189, 20.88210018692568, 20.868049565016538, 20.849129577517758, 20.88303993451221, 20.850888907958748]
mean: 20.86577439313044
lb: 20.85750052761684  ub: 20.87404825864404
lb: 20.85750052761684  ub: 20.87404825864404
ci_lb: 0.016547731027202417
ci_ub: -0.016547731027202417
Points:  1
a: [23.390371210630438, 23.385755439470422, 23.404991163024075, 23.400224257136415, 23.381863951799236, 23.400423957101793, 23.431654645600013, 23.39890292293848, 23.381678709433622, 23.442744813864607, 23.38676366946347, 23.418028677012305, 23.39118663649365, 23.396305859169296, 23.42806041094142, 23.3893497922956, 23.435445582768214, 23.381330465090812, 23.397221401095585, 23.415567215607464, 23.396766986749757, 23.404488770434735, 23.402503540926336, 23.448379029702252, 23.391994517825584, 23.380364114986413, 23.380441634812975, 23.414127447814867, 23.394123428913005, 23.380392741910203]
mean: 23.401715099833766
lb: 23.39447483201873  ub: 23.4089553676488
lb: 23.394474832018727  ub: 23.408955367648797
ci_lb: 0.01448053563007079
ci_ub: -0.01448053563007079
Points:  2
a: [26.773290214056914, 26.840401436961987, 26.815850966473064, 26.81396030785021, 26.785361195478472, 26.799796898157922, 26.802741091620646, 26.807949809733586, 26.83210943208056, 26.794534936592267, 26.82177482468693, 26.78988685640367, 26.778752488534312, 26.816495603345516, 26.81923589345524, 26.778765769104172, 26.77036521004968, 26.7965122447642, 26.776721857707724, 26.776041591025717, 26.817750275387727, 26.779489211736276, 26.784117017190418, 26.780861435835227, 26.82868951130456, 26.78149820620879, 26.78547962356961, 26.795388514313533, 26.77054511944404, 26.7787182299682]
mean: 26.796436192434705
lb: 26.788854265528816  ub: 26.804018119340594
lb: 26.788854265528816  ub: 26.804018119340594
ci_lb: 0.015163853811777983
ci_ub: -0.015163853811777983
Points:  3
a: [31.198454421955816, 31.186839984121676, 31.21262421058824, 31.21893608838014, 31.16356494311808, 31.200795714748768, 31.189315673274418, 31.183292258853534, 31.180222304211146, 31.158435980038004, 31.150241983113183, 31.16626778544203, 31.16034761497033, 31.19470524003483, 31.15299897069567, 31.183117565776783, 31.163463677331716, 31.220644844922663, 31.173197651917384, 31.221850965691672, 31.18250964285068, 31.232359282668252, 31.19481717584306, 31.210274987639984, 31.16841091537099, 31.168218948066706, 31.18159740472677, 31.164068318637508, 31.154503257872257, 31.157058529824845]
mean: 31.18310454475624
lb: 31.174423998742228  ub: 31.191785090770253
lb: 31.174423998742224  ub: 31.19178509077025
ci_lb: 0.017361092028025382
ci_ub: -0.017361092028025382
Points:  4
a: [35.563952834612145, 35.542298680851985, 35.605172738562096, 35.54996464793211, 35.58210247938249, 35.5418370787214, 35.54259179931733, 35.58099548081857, 35.556975340192295, 35.555679176043, 35.55592943213989, 35.5415722456809, 35.56043810345709, 35.564329735986234, 35.61665888586837, 35.59541245508007, 35.557947988055695, 35.55627792783254, 35.56821623701276, 35.59984160793197, 35.56028102870627, 35.576554704274, 35.54750217705119, 35.58254220559329, 35.55666321030925, 35.56489738546057, 35.57639502621192, 35.563329543131864, 35.54274667063489, 35.58675348990564]
mean: 35.566528677225264
lb: 35.559073177094774  ub: 35.573984177355754
lb: 35.55907317709478  ub: 35.57398417735576
ci_lb: 0.014911000260980245
ci_ub: -0.014911000260980245
Points:  5
a: [39.930232666620256, 39.92631057494741, 39.92834845581924, 39.93429806879274, 39.944908265005004, 39.9958463767699, 39.948422647292325, 39.94059400900749, 39.956476378521145, 39.95905055727546, 39.98959122561008, 39.92828870568833, 39.96503609347659, 39.935750658959584, 39.955868941739766, 39.944720903203425, 39.92367046277965, 39.930635534148955, 39.96463299062742, 39.92200350352529, 40.00042890094933, 39.95174694945796, 39.92400715644142, 39.92162608353157, 39.94341832657762, 39.92979606141701, 39.95682172277665, 39.94431466438542, 39.930734633276224, 39.93198499139121]
mean: 39.94531888366715
lb: 39.93735178535981  ub: 39.95328598197449
lb: 39.93735178535981  ub: 39.95328598197449
ci_lb: 0.015934196614679763
ci_ub: -0.015934196614679763
Points:  6
a: [42.3176398755944, 42.32822978756944, 42.32520953152134, 42.31992623103135, 42.31075304995049, 42.331895654542876, 42.31232088519838, 42.38263549273192, 42.39503660693047, 42.316563179340655, 42.3814691346123, 42.39728807977243, 42.34853951658373, 42.3278079233806, 42.32670192876387, 42.31538818744974, 42.34278635530951, 42.33728699646122, 42.31030155725204, 42.326811510763925, 42.34916886696617, 42.34651719769903, 42.37726610630132, 42.32865726670071, 42.32918756537266, 42.31287236412755, 42.389405044322636, 42.333138195373444, 42.314679526693695, 42.32750511017713]
mean: 42.33876629094983
lb: 42.32868059328306  ub: 42.348851988616595
lb: 42.32868059328307  ub: 42.3488519886166
ci_lb: 0.020171395333534292
ci_ub: -0.020171395333534292
Points:  7
a: [46.693878954898636, 46.70901968107069, 46.72037624184159, 46.6940147692004, 46.754587476881525, 46.70950989653399, 46.74561859355968, 46.73263652928085, 46.74632096909026, 46.742046510396335, 46.7282879391574, 46.69165423256639, 46.73251465293727, 46.714033874200446, 46.747354944880136, 46.711313489398535, 46.724589806224365, 46.695943172407986, 46.71449096070327, 46.71528130387912, 46.72362755287776, 46.692852152517716, 46.70837844294696, 46.74912769677595, 46.724815898794105, 46.697690457079624, 46.72811183777081, 46.69823116663852, 46.733374011642034, 46.720249043938594]
mean: 46.71999774200304
lb: 46.71296286893926  ub: 46.72703261506682
lb: 46.71296286893925  ub: 46.72703261506681
ci_lb: 0.014069746127560734
ci_ub: -0.014069746127560734
Points:  8
a: [48.09681408244255, 48.092853226262996, 48.139049954802466, 48.091447789336875, 48.0909022355276, 48.08215660310385, 48.08105344083463, 48.099685653342924, 48.08491903219431, 48.09168251732703, 48.10041105589015, 48.1015955639652, 48.08257043255547, 48.1250480290633, 48.11919413273783, 48.12775665831459, 48.08536639517683, 48.09435715992538, 48.10109114849615, 48.134338200603366, 48.08685198248363, 48.09335931140828, 48.16514592817038, 48.10839829291433, 48.087408273087185, 48.08397627475806, 48.08751845388355, 48.11318902190061, 48.12556483578877, 48.10243946693167]
mean: 48.10253817177433
lb: 48.09495570411607  ub: 48.11012063943259
lb: 48.094955704116074  ub: 48.110120639432594
ci_lb: 0.015164935316519745
ci_ub: -0.015164935316519745
Points:  9
a: [50.70157360360166, 50.707655036493044, 50.756262231303396, 50.782352344931255, 50.710638649195616, 50.768772759487426, 50.73462943361278, 50.701002224055834, 50.70287237841196, 50.70325231226015, 50.71112826565806, 50.72484214263864, 50.717363687184104, 50.73784431474981, 50.75704654824902, 50.7124123580039, 50.70108827650679, 50.705153487877595, 50.706675225197216, 50.734208335915426, 50.70041488495409, 50.716476712347095, 50.702487680764385, 50.76257481630557, 50.72014251533093, 50.71430922077134, 50.7042311830484, 50.75586946110593, 50.72301946544806, 50.70888924175194]
mean: 50.72283962657205
lb: 50.714041789350816  ub: 50.73163746379329
lb: 50.714041789350816  ub: 50.73163746379329
ci_lb: 0.01759567444247523
ci_ub: -0.01759567444247523
