Points:  0
a: [8.407425838457321, 8.41656548124283, 8.405500680404383, 8.410891345213075, 8.43116269886765, 8.445300612759944, 8.426971094511595, 8.424256419019274, 8.482200244020087, 8.40239806954831, 8.41801436527193, 8.406207965617567, 8.417108251360593, 8.426404815936401, 8.482331285813375, 8.43460577600048, 8.441315068477868, 8.400750666422683, 8.404117051444597, 8.416952159485994, 8.426067219030466, 8.447425139463158, 8.402463851763232, 8.453606571001663, 8.443651760351994, 8.414551406590546, 8.425634021278858, 8.409382668656978, 8.404465999102054, 8.425953230843016]
mean: 8.425122725265263
lb: 8.417110862643908  ub: 8.433134587886618
lb: 8.417110862643908  ub: 8.433134587886618
ci_lb: 0.016023725242710896
ci_ub: -0.016023725242710896
Points:  1
a: [9.43160059174178, 9.380205311005298, 9.391533667508977, 9.400110416381528, 9.3904435874452, 9.386322634243031, 9.39119256838226, 9.430334057990454, 9.381523985471896, 9.426691444390054, 9.42858048824007, 9.414476628503916, 9.398160022081393, 9.426326178951818, 9.430827070490436, 9.38071229063586, 9.412990309268729, 9.388733320573486, 9.389519738353608, 9.382488811437325, 9.411495122545691, 9.382847359250379, 9.430163138797946, 9.418305316718374, 9.421446678270668, 9.425526814602081, 9.40130106817512, 9.380392015012323, 9.38120652266856, 9.380538769460312]
mean: 9.403199864286618
lb: 9.395880279998055  ub: 9.410519448575181
lb: 9.395880279998057  ub: 9.410519448575183
ci_lb: 0.014639168577126327
ci_ub: -0.014639168577126327
Points:  2
a: [10.789646522836826, 10.810386362306785, 10.846014254080167, 10.805507350290004, 10.829513448127896, 10.816070960639275, 10.80249387260551, 10.801921998802923, 10.770980088134262, 10.828725164418751, 10.82527145248212, 10.784451800766476, 10.821965435463342, 10.800224684019884, 10.802869403628934, 10.785541232141123, 10.775362284688056, 10.82340783031838, 10.832811758944624, 10.779628534069998, 10.826860829248677, 10.78152510285964, 10.847530519334562, 10.774613591214832, 10.775310431667574, 10.788527434664475, 10.781243347496096, 10.823679113741395, 10.775024287952329, 10.821188053126596]
mean: 10.80427657166905
lb: 10.795632650723244  ub: 10.812920492614856
lb: 10.795632650723244  ub: 10.812920492614856
ci_lb: 0.017287841891612032
ci_ub: -0.017287841891612032
Points:  3
a: [11.682477439943494, 11.650794113899003, 11.685256148216245, 11.684001504488421, 11.650156969489101, 11.679390547872712, 11.688890870884604, 11.680001622511032, 11.690945342648927, 11.713474424129604, 11.651414022343939, 11.660072542351763, 11.692359814232171, 11.652613858778405, 11.6589944757592, 11.65235140554105, 11.677040698392723, 11.713979678628613, 11.678980248805688, 11.701080301320367, 11.659449440701298, 11.65954026022455, 11.677466644235869, 11.652722669924108, 11.717654423784378, 11.679936373275101, 11.653767323071301, 11.664859332346818, 11.653507253598818, 11.658402722184931]
mean: 11.674052749119474
lb: 11.666432156912405  ub: 11.681673341326542
lb: 11.666432156912407  ub: 11.681673341326544
ci_lb: 0.01524118441413691
ci_ub: -0.01524118441413691
Points:  4
a: [12.87739229139363, 12.910231298213926, 12.853688258124214, 12.901873100434573, 12.880104747899782, 12.872494828609728, 12.850274116532226, 12.861539389487923, 12.8632906150215, 12.852551233814868, 12.86471035339062, 12.868382291516054, 12.87375994774906, 12.891723237286437, 12.85959626100372, 12.854278946970238, 12.905668692490655, 12.88413334173435, 12.859313418331151, 12.853027290770004, 12.88141654237855, 12.931070462007536, 12.887508535184127, 12.90118506597934, 12.898689183404226, 12.867922815339561, 12.870386489528004, 12.864779926739397, 12.851690700074878, 12.86270083535336]
mean: 12.875179473892121
lb: 12.86752144466197  ub: 12.882837503122273
lb: 12.867521444661968  ub: 12.882837503122271
ci_lb: 0.015316058460303594
ci_ub: -0.015316058460303594
Points:  5
a: [14.920942776007525, 14.947723497021958, 14.976618822583406, 14.922072331448375, 14.969367920162991, 14.95318339913631, 14.955427347401567, 14.924150288398835, 14.922811044146766, 14.947089319415971, 14.959393071571572, 14.9623381970115, 14.927386984539648, 14.92680055396048, 14.928404244788316, 14.93456009607657, 14.921105566701295, 14.957513654343021, 14.950425138120206, 14.970491384655126, 14.924896299245336, 14.949839334695305, 14.931850133409792, 14.983879180326417, 14.945709150577677, 14.948078029693503, 14.921052681830625, 14.92514222044779, 14.938240499243241, 14.963587695226547]
mean: 14.943669362072923
lb: 14.936672961106767  ub: 14.950665763039078
lb: 14.936672961106767  ub: 14.950665763039078
ci_lb: 0.013992801932310783
ci_ub: -0.013992801932310783
Points:  6
a: [15.982957541449258, 15.93721858807589, 15.959450850940897, 15.967109795776436, 15.936413174937043, 15.937082757365362, 15.968125055384268, 15.950090956888005, 15.951327307048125, 15.994929227086788, 15.96101170755893, 15.992239603610596, 15.943569418337274, 15.934820926435162, 15.937194906988895, 15.946439806197661, 15.964769200985511, 15.95597527854766, 15.96387129514372, 15.943288808545399, 15.946002712657988, 15.957763007781137, 15.940738672371245, 15.932735249649902, 15.958198825527697, 15.966929635850883, 15.974517427366335, 15.953310726798108, 15.942573331865193, 15.949706145178558]
mean: 15.955012064744999
lb: 15.948847161504565  ub: 15.961176967985432
lb: 15.948847161504567  ub: 15.961176967985434
ci_lb: 0.012329806480867234
ci_ub: -0.012329806480867234
Points:  7
a: [17.193209238292415, 17.22071463462641, 17.22521786333957, 17.226269178830552, 17.20642681585887, 17.228457208599643, 17.214516448080474, 17.21334014014994, 17.207289291324166, 17.28011644018283, 17.26432084529262, 17.234485438960725, 17.24439833127222, 17.19904039722589, 17.230333548812514, 17.20062098851627, 17.216225271690103, 17.21525222345897, 17.2382439011082, 17.23104715005602, 17.252176734868733, 17.193341211953918, 17.207517499476744, 17.220797962102925, 17.23880014800736, 17.190169122404058, 17.190679811009648, 17.19008960647146, 17.20923503973186, 17.20214364929215]
mean: 17.21948253803324
lb: 17.211161743341616  ub: 17.227803332724864
lb: 17.21116174334162  ub: 17.227803332724868
ci_lb: 0.01664158938324789
ci_ub: -0.01664158938324789
Points:  8
a: [19.0838426588965, 19.08412280666511, 19.11959055020367, 19.09007911996484, 19.080441451578494, 19.08637726651675, 19.094921010391246, 19.080579166883194, 19.085097430129945, 19.102677997147815, 19.151242987979032, 19.09915629895041, 19.101958049979388, 19.134807390738427, 19.120337603273363, 19.123740440769296, 19.169975167136766, 19.0860126512233, 19.09934263045022, 19.12877948525066, 19.115717516556987, 19.080956099323, 19.083982886799113, 19.106289289461426, 19.126371449609458, 19.087063697666817, 19.09349171395472, 19.08586822393667, 19.086544098002086, 19.107667716827514]
mean: 19.103234495208874
lb: 19.09477833790728  ub: 19.111690652510468
lb: 19.09477833790728  ub: 19.111690652510468
ci_lb: 0.016912314603189316
ci_ub: -0.016912314603189316
Points:  9
a: [20.084718957434454, 20.054654447357613, 20.050965895078427, 20.060053483671577, 20.08202513148002, 20.075863159351563, 20.064429046620546, 20.092729078552733, 20.103983183355357, 20.07750594308701, 20.09740436222595, 20.09036684071562, 20.091655172559154, 20.053657745806234, 20.143122434088742, 20.05118483851952, 20.051709670407394, 20.05104038093184, 20.05800219557626, 20.11011983967732, 20.051081923797618, 20.085768619920163, 20.05049785249502, 20.08330744556185, 20.0532633940251, 20.061996040602537, 20.052313643399085, 20.0570661074666, 20.070233067905804, 20.058303987468406]
mean: 20.072300796304656
lb: 20.063845965622196  ub: 20.080755626987116
lb: 20.063845965622196  ub: 20.080755626987116
ci_lb: 0.016909661364920225
ci_ub: -0.016909661364920225
