Points:  0
a: [7.135210429268565, 7.08146398831526, 7.0818279694026565, 7.17710158272913, 7.114756124740001, 7.080696579088961, 7.093178116017034, 7.110316016249645, 7.0838110288904135, 7.120792517214709, 7.089106178775252, 7.095633463472055, 7.103342975065602, 7.099569124103955, 7.100168545975649, 7.111621378524927, 7.150788183946896, 7.08902713052179, 7.111202510235368, 7.10551084251381, 7.099747105519733, 7.105334454315032, 7.092101485071708, 7.092145235431075, 7.121194190732207, 7.085801032036333, 7.105526757821037, 7.087769149982815, 7.0864428559102945, 7.1183307666619]
mean: 7.10431725728446
lb: 7.096296570002356  ub: 7.112337944566565
lb: 7.096296570002356  ub: 7.112337944566565
ci_lb: 0.01604137456420851
ci_ub: -0.01604137456420851
Points:  1
a: [7.631934675685929, 7.666471684847909, 7.629961719608454, 7.633513937226774, 7.629565972087527, 7.675370445073374, 7.643337808731428, 7.6261239951037325, 7.62355032345786, 7.687719145710323, 7.644869496047706, 7.629592107298864, 7.67208981036372, 7.651650112864544, 7.631241633889478, 7.620021559673733, 7.626408322306959, 7.634122901208992, 7.62343442453815, 7.641040799118966, 7.6210257152605205, 7.660012556949959, 7.6250056156194495, 7.643759618354953, 7.6233095986877775, 7.6383234215318225, 7.638287991174538, 7.657476436189369, 7.669438826721051, 7.6388506902636335]
mean: 7.641250378186583
lb: 7.634421766092419  ub: 7.648078990280746
lb: 7.634421766092419  ub: 7.648078990280746
ci_lb: 0.013657224188326822
ci_ub: -0.013657224188326822
Points:  2
a: [8.175046969816398, 8.180804360924867, 8.179612137044293, 8.184415454453768, 8.217903303296476, 8.18540886948237, 8.179396621129913, 8.170847516665827, 8.178888776583769, 8.203397649641062, 8.202597883113258, 8.179235880550843, 8.25377297319457, 8.17146194822221, 8.175796978475605, 8.180660503068108, 8.184340599201706, 8.183113961846733, 8.177429891690121, 8.208590132320987, 8.17771191542236, 8.170394403602442, 8.172030869091003, 8.172589636007917, 8.22794761929024, 8.208115082054503, 8.172143018896737, 8.216911116367575, 8.221424514078986, 8.170087746457606]
mean: 8.189402611066408
lb: 8.181517276881271  ub: 8.197287945251544
lb: 8.181517276881271  ub: 8.197287945251544
ci_lb: 0.015770668370272745
ci_ub: -0.015770668370272745
Points:  3
a: [8.859015011228797, 8.851916082719189, 8.85627756362105, 8.870329293529894, 8.857857412377445, 8.886493097885586, 8.853531429306479, 8.866413904069644, 8.853905074448823, 8.932052823879939, 8.929952505794185, 8.851187203660102, 8.850321121773238, 8.881492847198862, 8.869429404475966, 8.878094810443619, 8.869861654891968, 8.873844370102958, 8.850713856771616, 8.860539632297847, 8.8527384145205, 8.85839014609678, 8.919293524081166, 8.87298683870479, 8.856381372702511, 8.851052240162197, 8.873343639120908, 8.904528852642809, 8.884916291327531, 8.852991180042853]
mean: 8.870995053329311
lb: 8.862345504856737  ub: 8.879644601801886
lb: 8.862345504856734  ub: 8.879644601801882
ci_lb: 0.017299096945148307
ci_ub: -0.017299096945148307
Points:  4
a: [9.107549397197806, 9.085939319926831, 9.086193942970777, 9.122698708975479, 9.085858215541077, 9.092872986045055, 9.138196057297954, 9.088139100314677, 9.095403338522813, 9.101738343562149, 9.092654104019367, 9.106135250408181, 9.0874804972572, 9.119229488703896, 9.088729800026755, 9.107926596923676, 9.087490254922365, 9.144989300925907, 9.083565690731666, 9.101919315128377, 9.105397510198191, 9.081858309606671, 9.163269652078494, 9.088044369720437, 9.10666130156581, 9.113472064683645, 9.104929666010209, 9.112172107141909, 9.084157905739744, 9.099355712894194]
mean: 9.10280094363471
lb: 9.095523254364425  ub: 9.110078632904996
lb: 9.095523254364425  ub: 9.110078632904996
ci_lb: 0.014555378540570985
ci_ub: -0.014555378540570985
Points:  5
a: [9.450375837528115, 9.511167450312623, 9.463287793805508, 9.485388196186145, 9.451914480264806, 9.451427893020822, 9.500029858445208, 9.468564281088987, 9.49392287281838, 9.450399043712176, 9.465883549169135, 9.462480186563107, 9.470617544287757, 9.470483229150666, 9.483889528849534, 9.474806956959116, 9.512885812077121, 9.519015461016457, 9.525858074821262, 9.467110615118438, 9.457116646487156, 9.453250460856808, 9.452612497107548, 9.450956132328171, 9.51862547194664, 9.520070844593151, 9.497351445522353, 9.453472228089543, 9.450662669695586, 9.454080934989992]
mean: 9.476256933227079
lb: 9.46669619075593  ub: 9.485817675698227
lb: 9.46669619075593  ub: 9.485817675698227
ci_lb: 0.019121484942296263
ci_ub: -0.019121484942296263
Points:  6
a: [9.956768038122943, 9.897381393605622, 9.897684310754732, 9.907308318026914, 9.907135378112088, 9.893413808878721, 9.891319529827806, 9.907749856548582, 9.932173048811716, 9.899846912958319, 9.918825373201763, 9.910784151585919, 9.895433795005896, 9.899641506366194, 9.90389663148806, 9.892425357165665, 9.916608296704082, 9.894933122259188, 9.899405586802382, 9.89207103693135, 9.969798147779633, 9.92044360864066, 9.890085418539377, 9.928904892021272, 9.90590541416511, 9.927717384534603, 9.947925394220793, 9.902862823102717, 9.912839399802618, 9.892890858206087]
mean: 9.910472626472364
lb: 9.902959948109988  ub: 9.91798530483474
lb: 9.902959948109988  ub: 9.91798530483474
ci_lb: 0.01502535672475247
ci_ub: -0.01502535672475247
Points:  7
a: [10.098801818117911, 10.039416939570314, 10.053187788090316, 10.079310000661389, 10.05558756558334, 10.07772852349834, 10.058093712753417, 10.032972059899773, 10.099969912856546, 10.030190310137392, 10.062873284750669, 10.041877968294314, 10.079167971531342, 10.062048737267382, 10.033661011600222, 10.03101433227962, 10.085996538660511, 10.100591386017623, 10.042560108176769, 10.064297090318231, 10.078979196739574, 10.107369975080417, 10.04898103665674, 10.039246943349285, 10.038766379416323, 10.073065226888398, 10.08681053849668, 10.030301729272589, 10.087681499209985, 10.058917970194381]
mean: 10.062648918512329
lb: 10.053681150082262  ub: 10.071616686942395
lb: 10.05368115008226  ub: 10.071616686942393
ci_lb: 0.017935536860132828
ci_ub: -0.017935536860132828
Points:  8
a: [10.287645294684813, 10.282285441074485, 10.28210875294294, 10.262275241641502, 10.254478533757867, 10.276795285677478, 10.29845532703307, 10.275935965108006, 10.27045199713699, 10.26791113653809, 10.297409080861689, 10.26011215267574, 10.285817180153002, 10.272052668899413, 10.256155305513849, 10.250570624014385, 10.282447181991516, 10.274184666743631, 10.27575574094325, 10.252015741009679, 10.290833357988701, 10.28378917719279, 10.264923918439916, 10.254023594984295, 10.275426849552787, 10.284355605284743, 10.276493996763147, 10.271935895576782, 10.26472657425522, 10.306544964419864]
mean: 10.27459724176199
lb: 10.269260902806387  ub: 10.279933580717593
lb: 10.269260902806385  ub: 10.279933580717591
ci_lb: 0.010672677911205852
ci_ub: -0.010672677911205852
Points:  9
a: [10.685626411200882, 10.632699751159533, 10.631435891605221, 10.701866141796751, 10.64005529845685, 10.656677632236871, 10.650074322187269, 10.653050124766454, 10.691005503827574, 10.64947243713882, 10.630285173039466, 10.637010198815567, 10.670718744078972, 10.635433906211837, 10.68649910170687, 10.636529962640301, 10.63252820334112, 10.66186404923111, 10.675892667082318, 10.660482679457887, 10.637984750202762, 10.656782254318722, 10.671986765984222, 10.633171447883758, 10.633326854539211, 10.638529437532778, 10.661184443448766, 10.635998151950941, 10.644171526938194, 10.673638548956474]
mean: 10.653532746057916
lb: 10.645848022698642  ub: 10.66121746941719
lb: 10.645848022698642  ub: 10.66121746941719
ci_lb: 0.015369446718548119
ci_ub: -0.015369446718548119
