Points:  0
a: [25.060886684983593, 25.00139865888713, 25.004028207227407, 25.00541485032635, 25.006621836736993, 25.0565238882734, 25.011229020870257, 25.048652472430373, 25.006666236909524, 25.030798889398437, 25.033707856241165, 25.00199892597973, 25.064518942105078, 25.00671042052563, 25.015026225239062, 25.007569648152653, 25.036803051618374, 25.002384157979986, 25.079915953433616, 25.00821856218754, 25.00198175869914, 25.034728231912833, 25.02452647103091, 25.01067294341101, 25.013226933326898, 25.036606873473612, 25.021799819188246, 25.062511548084316, 25.02746126618132, 25.027018782869185]
mean: 25.02498697058946
lb: 25.016636783681047  ub: 25.033337157497872
lb: 25.016636783681047  ub: 25.033337157497872
ci_lb: 0.016700373816824765
ci_ub: -0.016700373816824765
Points:  1
a: [36.00213756884601, 36.03291039612539, 36.012416562722, 36.030485277101974, 36.027717492508835, 36.05069063174147, 36.00220530943485, 36.01765663296545, 36.028469922679925, 36.00873597420423, 36.00752427112722, 36.06890817930625, 36.027836825758406, 36.005326374611435, 36.02017921633368, 36.02269858495297, 36.00415860337249, 36.000311004282956, 36.0457965778738, 36.01780957425559, 36.01765649760593, 36.00627033519393, 36.00311833593426, 36.01282217526346, 36.00901069404986, 36.02610225156131, 36.067682437982405, 36.046416190738185, 36.016898868834595, 36.00551805225403]
mean: 36.02151569398743
lb: 36.014538044712324  ub: 36.02849334326254
lb: 36.01453804471232  ub: 36.02849334326253
ci_lb: 0.013955298550214934
ci_ub: -0.013955298550214934
Points:  2
a: [45.045059526077125, 45.028675046703015, 45.01326933965901, 45.027875719072036, 45.070280808843975, 45.022759700007676, 45.04893393075093, 45.00472846733531, 45.020409857272725, 45.00239985542898, 45.039835494446535, 45.003685495978296, 45.07310426637322, 45.02050721210971, 45.047943201674414, 45.00192559416153, 45.023502515039944, 45.05949268680038, 45.00381010287552, 45.05151245434549, 45.062994338054594, 45.03931465810354, 45.06391164139353, 45.044761646451, 45.024379817479506, 45.00338375259285, 45.00745392895712, 45.00551621969124, 45.02005862331002, 45.014573068998814]
mean: 45.02986863233293
lb: 45.02146896741863  ub: 45.03826829724723
lb: 45.021468967418635  ub: 45.038268297247235
ci_lb: 0.016799329828600662
ci_ub: -0.016799329828600662
Points:  3
a: [53.044771560419186, 53.033516890209754, 53.010360930375406, 53.015074199483564, 53.02096678370594, 53.003139887538424, 53.00433405191279, 53.06524869466304, 53.04815748347869, 53.004902241218524, 53.0039784789383, 53.003086420371744, 53.029402774502465, 53.02843753708157, 53.003736026803686, 53.03643294833354, 53.06037870586438, 53.00775820001457, 53.00685272038304, 53.017080379180214, 53.0255894026713, 53.01297089158669, 53.06252025456633, 53.028063357266994, 53.00303671237806, 53.00197699527308, 53.00436346839273, 53.01270260372932, 53.021804600144165, 53.00016755798798]
mean: 53.02069375861585
lb: 53.013435543645095  ub: 53.0279519735866
lb: 53.0134355436451  ub: 53.02795197358661
ci_lb: 0.01451642994150859
ci_ub: -0.01451642994150859
Points:  4
a: [67.02363479634684, 67.01463379065274, 67.01272113870361, 67.05936755020088, 67.01594365780375, 67.03733050249484, 67.0154723752629, 67.00929924377465, 67.04769988715513, 67.0086405963113, 67.04647887314826, 67.01801579880865, 67.05768487536388, 67.0011226997329, 67.00167788615106, 67.00090554947052, 67.0272197079957, 67.0126834718815, 67.06906142973091, 67.04923676209748, 67.02239019335042, 67.05338656352438, 67.02469512900996, 67.00949950234087, 67.04267878589023, 67.00445732615222, 67.00262170861049, 67.03235356280759, 67.06650685739726, 67.03990790467745]
mean: 67.02757760422828
lb: 67.0197198244906  ub: 67.03543538396598
lb: 67.01971982449061  ub: 67.03543538396599
ci_lb: 0.015715559475381724
ci_ub: -0.015715559475381724
Points:  5
a: [78.03701048315487, 78.03108284080291, 78.05325155612059, 78.05752937020738, 78.07867753736423, 78.01889322948618, 78.06863107197641, 78.02521252821967, 78.05880478730725, 78.01817841305903, 78.06787291732525, 78.01052544616115, 78.01711006866535, 78.0493947390062, 78.00072064465702, 78.01356391407448, 78.00857361193529, 78.00140170533001, 78.02863759132059, 78.06501210543995, 78.00264298858605, 78.04959252836886, 78.01278353573551, 78.0816895022677, 78.03461266153917, 78.0646609370557, 78.04892618826693, 78.00044415053218, 78.00239512722428, 78.07427667112945]
mean: 78.03607029507732
lb: 78.0261456623091  ub: 78.04599492784554
lb: 78.0261456623091  ub: 78.04599492784554
ci_lb: 0.019849265536436178
ci_ub: -0.019849265536436178
Points:  6
a: [87.04240934989751, 87.01936392864796, 87.0103173683134, 87.0122320822087, 87.02350794709486, 87.02539776484049, 87.05164008936086, 87.02762937061208, 87.01101296700811, 87.04533911515354, 87.04106343996523, 87.00822405630474, 87.01399475512824, 87.00968182263527, 87.02406271016032, 87.05321256111448, 87.03488312143394, 87.0225676432707, 87.01702948474481, 87.01107890047433, 87.0350819520695, 87.05006578550886, 87.00342340266978, 87.02727020072311, 87.05574133600845, 87.01858792995804, 87.00592933568778, 87.07770094619222, 87.01027691715763, 87.01058858751594]
mean: 87.02664382906202
lb: 87.01979146135912  ub: 87.03349619676493
lb: 87.01979146135912  ub: 87.03349619676493
ci_lb: 0.013704735405809743
ci_ub: -0.013704735405809743
Points:  7
a: [95.03570212057458, 95.01189999659825, 95.02279801028564, 95.02855274670986, 95.01354882404286, 95.00819844967256, 95.04607010915142, 95.02331200071907, 95.02852259137461, 95.00377584512366, 95.00329123073163, 95.01833440407952, 95.01583594471624, 95.05926761616617, 95.04589189856124, 95.0372841463631, 95.07966132896802, 95.02351086512697, 95.00160726140636, 95.04096245327356, 95.01536730184341, 95.00736417454922, 95.05240410646464, 95.00166216897244, 95.04291664300324, 95.04268292727588, 95.01707346059024, 95.04777379710605, 95.00035776018903, 95.03425704921221]
mean: 95.02699624109506
lb: 95.01963572229936  ub: 95.03435675989077
lb: 95.01963572229936  ub: 95.03435675989077
ci_lb: 0.014721037591414188
ci_ub: -0.014721037591414188
Points:  8
a: [109.00317001994298, 109.00307341674055, 109.00720417952314, 109.00804536417732, 109.02715282435886, 109.00284490741682, 109.00762602928245, 109.02906940811249, 109.01502680978697, 109.03568359600365, 109.03425915583907, 109.01026751863, 109.00034098152751, 109.04701063114979, 109.04415940488875, 109.02700028817078, 109.00089560834553, 109.06283103743387, 109.01186746347014, 109.03026051903286, 109.02849240899523, 109.02114826615129, 109.00412356630342, 109.03286879505166, 109.01324763579125, 109.05949331072225, 109.00906000842011, 109.03052060137874, 109.00146525077314, 109.03211201179185]
mean: 109.02134403397373
lb: 109.01479942998233  ub: 109.02788863796513
lb: 109.01479942998232  ub: 109.02788863796512
ci_lb: 0.013089207982801554
ci_ub: -0.013089207982801554
Points:  9
a: [115.02541321168518, 115.01400207553083, 115.00557943619148, 115.00431053245337, 115.04140082639229, 115.02166319442692, 115.07810168518725, 115.00919921218885, 115.01149837915744, 115.00008786235102, 115.01612529991559, 115.01214574777617, 115.04991083437424, 115.01029084087216, 115.04726048003887, 115.01421483644674, 115.0194985303971, 115.01670120501915, 115.005404603201, 115.00340191998446, 115.0041731129342, 115.01997681580339, 115.01601936740478, 115.0317914801053, 115.01373370820818, 115.03229097859962, 115.03696479161242, 115.00106052755488, 115.08303053032066, 115.01540552635919]
mean: 115.02202191841641
lb: 115.01430156352924  ub: 115.02974227330358
lb: 115.01430156352923  ub: 115.02974227330357
ci_lb: 0.015440709774338757
ci_ub: -0.015440709774338757
