Points:  0
a: [41.04583297420041, 41.000664412598816, 41.00044075614074, 41.047731338385816, 41.010732483895914, 41.01669834450344, 41.03423723955904, 41.02965542146367, 41.07833544696423, 41.022725260343705, 41.018679414492524, 41.02155638268659, 41.006148627870125, 41.06443862299792, 41.0296301484385, 41.04294252250861, 41.03413721596395, 41.02571223612338, 41.04309892528205, 41.03907702099936, 41.05385833735423, 41.056168716060995, 41.02057919815701, 41.00362996935359, 41.02246445759238, 41.00190189403062, 41.0186665414223, 41.00453233719931, 41.00105325309193, 41.00458000076126]
mean: 41.026663650014754
lb: 41.01891804864923  ub: 41.034409251380275
lb: 41.018918048649226  ub: 41.03440925138027
ci_lb: 0.015491202731041653
ci_ub: -0.015491202731041653
Points:  1
a: [53.00333317859055, 53.04609166112461, 53.000046503001904, 53.00161771650928, 53.00562904942802, 53.01341639495401, 53.09082531815321, 53.06232687587318, 53.0034761935731, 53.008791490940595, 53.00160859685272, 53.04935074593271, 53.01992269790101, 53.006465284957876, 53.024162068663465, 53.01240207055779, 53.00845497452327, 53.014388338503, 53.04445288689807, 53.048309721135944, 53.00661210752313, 53.06532025833007, 53.03048633491086, 53.03756240796074, 53.01761624405176, 53.04777891746568, 53.040554578128166, 53.011219691179875, 53.000251996661795, 53.00847177181113]
mean: 53.024364869203254
lb: 53.01557952457699  ub: 53.033150213829515
lb: 53.015579524576985  ub: 53.03315021382951
ci_lb: 0.017570689252522698
ci_ub: -0.017570689252522698
Points:  2
a: [74.0498027223457, 74.00501811540974, 74.05692828008651, 74.00261682327694, 74.00075939506277, 74.05223130095716, 74.04525515821261, 74.02159767851845, 74.01790911153431, 74.03885606683647, 74.02270375894557, 74.01887838608734, 74.02189589659959, 74.0567779151805, 74.02892495862412, 74.0355101615734, 74.0059769232283, 74.0035741687714, 74.09169797642794, 74.01295123593398, 74.01680730044282, 74.0126789711887, 74.07005646279974, 74.0340036424935, 74.00162120824073, 74.05878981678087, 74.04264989704527, 74.00687129488726, 74.01959594425722, 74.0250132377685]
mean: 74.02926512698393
lb: 74.02069584207543  ub: 74.03783441189243
lb: 74.02069584207541  ub: 74.03783441189242
ci_lb: 0.01713856981700701
ci_ub: -0.01713856981700701
Points:  3
a: [85.00554346946188, 85.01405284103582, 85.01715288656227, 85.04478451459066, 85.05272201322335, 85.01958820613665, 85.038292293585, 85.03639480072871, 85.05576241113462, 85.00296964318201, 85.01650818733843, 85.06706810505976, 85.01640824371638, 85.05382428098271, 85.03055837189501, 85.0079588685623, 85.01875631532108, 85.03562578012155, 85.01488270538806, 85.02200535406702, 85.0069431637503, 85.00134191472718, 85.06459038353238, 85.01400069303553, 85.03913842475308, 85.0632225047851, 85.02323969054734, 85.01929869048686, 85.05957444608165, 85.02372123129426]
mean: 85.0295310145029
lb: 85.0220403551639  ub: 85.03702167384189
lb: 85.02204035516388  ub: 85.03702167384188
ci_lb: 0.014981318677996569
ci_ub: -0.014981318677996569
Points:  4
a: [96.01124892508652, 96.0642748639255, 96.00011811043706, 96.00387613588019, 96.03740985259819, 96.01851192348305, 96.0040591713157, 96.0110722547403, 96.03345360564315, 96.03194296132905, 96.02105359237423, 96.04517148366125, 96.00297215798646, 96.00896009753755, 96.00015431090202, 96.05337513677216, 96.01339656311404, 96.02110433739291, 96.0143449421976, 96.02499517229877, 96.00071277948791, 96.03442177514972, 96.04652454362054, 96.00161933832858, 96.00060505473697, 96.08703028251287, 96.0336189904269, 96.05154380274915, 96.04829375105386, 96.0221035038962]
mean: 96.02493231402127
lb: 96.01671119136414  ub: 96.0331534366784
lb: 96.01671119136414  ub: 96.0331534366784
ci_lb: 0.0164422453142663
ci_ub: -0.0164422453142663
Points:  5
a: [107.00321958917702, 107.00713231365435, 107.07817076506836, 107.00038809883574, 107.016681489414, 107.02615477197426, 107.05398137251987, 107.01523037878464, 107.03627969336914, 107.04143208616846, 107.05623083695505, 107.07205556575084, 107.01213575739355, 107.05049516805127, 107.04278445432978, 107.06584029650786, 107.04075968543212, 107.00551988359372, 107.05261693031986, 107.01248000830334, 107.01417622706202, 107.00019794116143, 107.05019525823596, 107.00114106548934, 107.01028455425586, 107.00434281815463, 107.01987152722772, 107.01386614803616, 107.04577584809144, 107.01002526367665]
mean: 107.0286488598998
lb: 107.01983627521497  ub: 107.03746144458464
lb: 107.01983627521497  ub: 107.03746144458464
ci_lb: 0.017625169369665628
ci_ub: -0.017625169369665628
Points:  6
a: [118.02512651961703, 118.00128895073222, 118.03751653441412, 118.00156517258124, 118.00643737442107, 118.03263582067461, 118.03865180858482, 118.04385601560396, 118.02431908276198, 118.02726549908606, 118.03475611245867, 118.00243380064589, 118.00360116323894, 118.00544578407028, 118.06798811708752, 118.00121440491952, 118.03729817289407, 118.03968753152732, 118.08024587200515, 118.06903296699596, 118.00802019505879, 118.01339220590704, 118.03942560113833, 118.01253062721909, 118.01201723566217, 118.0165575422232, 118.09374456376676, 118.0072175453282, 118.01787754710897, 118.04219379269603]
mean: 118.02811145201431
lb: 118.01892313352144  ub: 118.03729977050719
lb: 118.01892313352144  ub: 118.03729977050719
ci_lb: 0.01837663698574943
ci_ub: -0.01837663698574943
Points:  7
a: [131.02324085040385, 131.03374755754248, 131.00419708799555, 131.00043557680658, 131.00668139195193, 131.06324735315653, 131.0002563979688, 131.0022371640467, 131.0090564358018, 131.0178681368255, 131.06478329808462, 131.00563809975444, 131.0025507700631, 131.02291892245296, 131.03305190708625, 131.01956060131232, 131.01333146513818, 131.014554784833, 131.045736541229, 131.0282675608093, 131.00550507450538, 131.00075089187928, 131.0001297922385, 131.00434959230216, 131.00475390964863, 131.07858746490723, 131.0034621699969, 131.01529773032544, 131.00299792499084, 131.00545384569932]
mean: 131.01775500999187
lb: 131.00992853599783  ub: 131.02558148398592
lb: 131.00992853599783  ub: 131.02558148398592
ci_lb: 0.015652947988087362
ci_ub: -0.015652947988087362
Points:  8
a: [141.07573432345666, 141.00501330325167, 141.0308292674215, 141.00738016258407, 141.03603824441575, 141.01051310259203, 141.0108783654764, 141.03690628279122, 141.007432734775, 141.06479253011733, 141.00032077368957, 141.00081465628296, 141.08495797841005, 141.0126682728151, 141.0701523004053, 141.048543078198, 141.05382185720111, 141.01178476461396, 141.0051667778631, 141.00087294935412, 141.00305349086705, 141.0121339205263, 141.03648087198985, 141.0033919303916, 141.06110569650494, 141.00469083438765, 141.02202403042196, 141.02123557126046, 141.00844424366764, 141.07410017175687]
mean: 141.0273760829163
lb: 141.0173521709517  ub: 141.0373999948809
lb: 141.0173521709517  ub: 141.0373999948809
ci_lb: 0.02004782392918969
ci_ub: -0.02004782392918969
Points:  9
a: [155.0202727974134, 155.00193231197252, 155.03834928984688, 155.02541306934074, 155.02666605902886, 155.00061176501845, 155.02612126394723, 155.0146929959146, 155.01707879710494, 155.04466376796483, 155.01668099286687, 155.0054732626612, 155.02297700122034, 155.00128612294176, 155.04566802356428, 155.03767827946373, 155.01064806350712, 155.00775713952768, 155.07882119303227, 155.04180867796975, 155.04178260769714, 155.01126236082726, 155.0120495384016, 155.00171299613487, 155.054151804079, 155.00208318827706, 155.00604199982894, 155.00245771378127, 155.04224940428819, 155.07572781571045]
mean: 155.02447067677775
lb: 155.01642604077884  ub: 155.03251531277667
lb: 155.01642604077884  ub: 155.03251531277667
ci_lb: 0.016089271997827836
ci_ub: -0.016089271997827836
