Points:  0
a: [45.0029407983303, 45.0674118229029, 45.00626037277383, 45.029680830927596, 45.035810840773664, 45.00874039275008, 45.03676352119672, 45.00706753926359, 45.000992966942825, 45.06347643782988, 45.01033714182226, 45.00959363781237, 45.0225162786377, 45.05523520373125, 45.034397640498234, 45.00240099329926, 45.019832409695574, 45.0280999704361, 45.00019645843568, 45.06026384015695, 45.00279469501715, 45.01508461341582, 45.065172278665095, 45.04613785073235, 45.0018265627683, 45.0149738663764, 45.00435121660613, 45.004615068077364, 45.00341032516809, 45.01803315310821]
mean: 45.02261395760505
lb: 45.014439348340844  ub: 45.03078856686926
lb: 45.014439348340844  ub: 45.03078856686926
ci_lb: 0.01634921852841842
ci_ub: -0.01634921852841842
Points:  1
a: [62.00735631252546, 62.041646115160674, 62.03760795183479, 62.02512773876258, 62.03828885283918, 62.00494674630387, 62.00188698753315, 62.010226347273914, 62.01582299390139, 62.01151382865736, 62.000402498773624, 62.051136171032724, 62.0128149890436, 62.04444895020411, 62.02746742465218, 62.00323325749891, 62.01675820810609, 62.01338141524254, 62.083034918650554, 62.00552920868093, 62.01875875857373, 62.00356275722485, 62.00433045348488, 62.01891142914706, 62.004507603611145, 62.019606186768925, 62.00572074044572, 62.02527622858996, 62.01202705779109, 62.02041473471457]
mean: 62.019524895567656
lb: 62.01270871329398  ub: 62.02634107784133
lb: 62.012708713293975  ub: 62.02634107784132
ci_lb: 0.013632364547348175
ci_ub: -0.013632364547348175
Points:  2
a: [78.00268369795918, 78.00008591465429, 78.00278001573979, 78.0170754791787, 78.04430190471237, 78.01223710248948, 78.03624941419557, 78.01617366328743, 78.00638166618437, 78.04359028415342, 78.02920133221723, 78.00006314917675, 78.02487514979786, 78.0008759772899, 78.04416744752953, 78.05955446087687, 78.01842605824216, 78.00572938566783, 78.01038387168539, 78.00790477138392, 78.02324129185052, 78.00036402267843, 78.01678975314344, 78.0285083826126, 78.01340474854925, 78.02487060052438, 78.02485718746243, 78.03194574889937, 78.01425580888936, 78.06014736808677]
mean: 78.02070418863727
lb: 78.01431876437478  ub: 78.02708961289976
lb: 78.01431876437478  ub: 78.02708961289976
ci_lb: 0.012770848524979783
ci_ub: -0.012770848524979783
Points:  3
a: [92.04550049318543, 92.0228303580981, 92.02071625179946, 92.04187544903448, 92.00011232209904, 92.02579513666333, 92.00400972415147, 92.02257979270759, 92.00577537664977, 92.0412155403541, 92.04252341759538, 92.02645148533165, 92.034248860634, 92.00222260329974, 92.00977151531617, 92.00332006496815, 92.0012527148543, 92.00000056112543, 92.00483348325629, 92.02840717282996, 92.03107542888903, 92.00184777268642, 92.01370711742409, 92.01953928166347, 92.00510424355068, 92.01632575251197, 92.07806422351796, 92.0030384584033, 92.00613217311964, 92.02273200770247]
mean: 92.01936695944742
lb: 92.01258778829423  ub: 92.02614613060062
lb: 92.01258778829423  ub: 92.02614613060062
ci_lb: 0.013558342306396298
ci_ub: -0.013558342306396298
Points:  4
a: [101.00068240397398, 101.00636013783802, 101.00382134584129, 101.00505208856615, 101.00432564694763, 101.00845902207838, 101.04510990185244, 101.01990034248117, 101.00061836172024, 101.03792121548875, 101.01138832365321, 101.00419759708483, 101.00695222864557, 101.05567265069865, 101.0093745068894, 101.00694455187227, 101.003892038868, 101.01038066834566, 101.04525404438091, 101.01908450185435, 101.00808517274959, 101.00406628183785, 101.00560242622073, 101.07746897871672, 101.04132554850678, 101.00007816792127, 101.03768347834917, 101.05878747706524, 101.03610581038299, 101.02984370165538]
mean: 101.0201479540829
lb: 101.01232714078232  ub: 101.02796876738348
lb: 101.01232714078232  ub: 101.02796876738348
ci_lb: 0.01564162660116608
ci_ub: -0.01564162660116608
Points:  5
a: [126.02257312392152, 126.01143464041503, 126.02536645535993, 126.0044981755506, 126.00158928991999, 126.04169679619284, 126.0034835528762, 126.01569260545936, 126.02067641269467, 126.04396504498945, 126.0461173698503, 126.02974425840799, 126.0475187509581, 126.05175978235697, 126.00634669036398, 126.02860003953704, 126.00177507662583, 126.01004297731615, 126.0123755469758, 126.0448688187721, 126.00503533942673, 126.02415881816549, 126.02322682133223, 126.03209048110048, 126.01588154706708, 126.01053321825265, 126.05957774532835, 126.07596975867287, 126.0828126582781, 126.00509743124302]
mean: 126.02681697424701
lb: 126.0186381080718  ub: 126.03499584042223
lb: 126.01863810807183  ub: 126.03499584042225
ci_lb: 0.016357732350428478
ci_ub: -0.016357732350428478
Points:  6
a: [140.02870903828895, 140.0472623192438, 140.0009261075183, 140.03548582275465, 140.06671558151686, 140.01627269635384, 140.0218622319087, 140.03609501506733, 140.01914714481353, 140.0328383673422, 140.0185326410618, 140.04712678846167, 140.02212400263926, 140.0350740383797, 140.01624249369613, 140.00121959810573, 140.01489573117703, 140.01767017848323, 140.02555514650362, 140.0356036649208, 140.00035451880674, 140.00662705046162, 140.00340479905466, 140.01405245946992, 140.02224840720308, 140.0059683605034, 140.0233843613093, 140.00681235233463, 140.02329433829885, 140.0135453047748]
mean: 140.02196835201514
lb: 140.0162133373447  ub: 140.02772336668556
lb: 140.01621333734477  ub: 140.02772336668562
ci_lb: 0.011510029340854544
ci_ub: -0.011510029340854544
Points:  7
a: [167.00479238258436, 167.02545140538177, 167.0050817247092, 167.04730634979697, 167.0172359644208, 167.0620222481357, 167.0019306990616, 167.00392202697927, 167.00000812219733, 167.02759641183593, 167.00491383967392, 167.0087587905217, 167.0231321781198, 167.02146119095667, 167.0017397265087, 167.0076785034901, 167.0166308022724, 167.00524934976514, 167.00314481079772, 167.01916320326137, 167.02785166402592, 167.00229187589514, 167.0557810380436, 167.03330403003298, 167.00966167375634, 167.0764998532145, 167.02380015462836, 167.03333607980233, 167.02463566167955, 167.01413375712553]
mean: 167.0202838506225
lb: 167.0130820675084  ub: 167.02748563373657
lb: 167.0130820675084  ub: 167.02748563373657
ci_lb: 0.014403566228168074
ci_ub: -0.014403566228168074
Points:  8
a: [192.01722553913476, 192.01036537296164, 192.00025510868647, 192.01736591187415, 192.01444823932204, 192.02002039338458, 192.03917799733685, 192.00793344389496, 192.0490924729108, 192.01877797602842, 192.07554256220627, 192.01813513959033, 192.0327015445902, 192.0188070966132, 192.0096432963318, 192.0150779516384, 192.04312989579557, 192.0167360353737, 192.00547116384715, 192.0003549309146, 192.01496341809445, 192.0300297406413, 192.00377486491453, 192.0551317054709, 192.01921293000427, 192.0029060409077, 192.01051471433087, 192.05472703099903, 192.03154220613152, 192.01779219667316]
mean: 192.02236189735348
lb: 192.0155688216748  ub: 192.02915497303215
lb: 192.01556882167475  ub: 192.0291549730321
ci_lb: 0.013586151357344534
ci_ub: -0.013586151357344534
Points:  9
a: [224.0662621734608, 224.06236971313555, 224.00842608911, 224.04485455727456, 224.00837394943952, 224.02747096339044, 224.0085748884312, 224.00220949646274, 224.03062979889773, 224.00082016653604, 224.01550175177124, 224.02454190761375, 224.0317233360509, 224.00019974057167, 224.0511508516924, 224.01375771624836, 224.00285292168522, 224.07829796591446, 224.0105261591331, 224.0470045940098, 224.04687768895698, 224.004301101305, 224.02227785449847, 224.0178644186969, 224.00878730522692, 224.02732974344934, 224.04645172487258, 224.01174759284368, 224.00929929950965, 224.01582361858058]
mean: 224.0248769696257
lb: 224.0168978947562  ub: 224.0328560444952
lb: 224.0168978947562  ub: 224.0328560444952
ci_lb: 0.015958149738992233
ci_ub: -0.015958149738992233
