Points:  0
a: [75.00965643042049, 75.00073547623295, 75.01993567522747, 75.00245639191046, 75.00059028391976, 75.06653181182998, 75.01568256733665, 75.0120789428189, 75.00612807366007, 75.02858752363746, 75.00467791979106, 75.02467695667083, 75.05686306324937, 75.01582898854345, 75.0105040048941, 75.01274897174171, 75.00240687885999, 75.01344758211017, 75.01096597235934, 75.01135755302919, 75.06666683188836, 75.07660264829696, 75.02331752257666, 75.01293821084518, 75.0307128674003, 75.02347277433849, 75.00927262512528, 75.02822188499846, 75.00878823881978, 75.00234022641091]
mean: 75.02027316329811
lb: 75.01263092764191  ub: 75.02791539895432
lb: 75.01263092764192  ub: 75.02791539895433
ci_lb: 0.015284471312412506
ci_ub: -0.015284471312412506
Points:  1
a: [87.0248353295725, 87.00568578595167, 87.00048527164573, 87.01932659617796, 87.01169999293732, 87.01072723442397, 87.00984101353524, 87.02192040817948, 87.00253748830673, 87.02178253834175, 87.03707421976647, 87.00029932991615, 87.00761919504399, 87.00512169997963, 87.00068043953317, 87.02006085175059, 87.00205163096165, 87.0849930505566, 87.00563509380717, 87.07510411916078, 87.01923599808208, 87.00006300832028, 87.0716653682178, 87.0083683087554, 87.03572699147671, 87.00222992112339, 87.02218166574812, 87.09196784721433, 87.03928445479289, 87.02542749665407]
mean: 87.02278774499777
lb: 87.01310145744664  ub: 87.0324740325489
lb: 87.01310145744664  ub: 87.0324740325489
ci_lb: 0.019372575102266865
ci_ub: -0.019372575102266865
Points:  2
a: [109.00775347368571, 109.05375141228605, 109.02826054284905, 109.01451344327093, 109.01561392539134, 109.09278664589965, 109.03683482428902, 109.01740177919649, 109.01690107272167, 109.02304768139108, 109.04301491012843, 109.00666406889314, 109.0170726394384, 109.01736941106444, 109.00515507431123, 109.00859104616845, 109.00817027808414, 109.0382474815934, 109.00430240588403, 109.0099329358005, 109.01230892199024, 109.02162705415387, 109.05474997886829, 109.0404821067973, 109.00551090538357, 109.05286101573591, 109.00917646824452, 109.06347961435101, 109.0503897643288, 109.00029567472023]
mean: 109.02587555189737
lb: 109.01762140576257  ub: 109.03412969803217
lb: 109.01762140576254  ub: 109.03412969803215
ci_lb: 0.016508292269605818
ci_ub: -0.016508292269605818
Points:  3
a: [126.00000924909982, 126.03569342063177, 126.00478221229059, 126.0328038867763, 126.0035926835546, 126.00020373686364, 126.00165134871534, 126.04184275743197, 126.04120049364751, 126.00109173866687, 126.02450953236783, 126.03241061430542, 126.0082117928846, 126.04397865557638, 126.06109507564737, 126.02092122881739, 126.00371710564353, 126.04107924135121, 126.0189151437365, 126.01349728072475, 126.02464329485525, 126.00511736191659, 126.05097303663547, 126.0699923458929, 126.00003934344947, 126.02876380980331, 126.03705053178484, 126.01003455814723, 126.08205357952032, 126.01822680866177]
mean: 126.02527006231334
lb: 126.01699517018521  ub: 126.03354495444147
lb: 126.01699517018523  ub: 126.03354495444148
ci_lb: 0.01654978425625586
ci_ub: -0.01654978425625586
Points:  4
a: [139.01155705027304, 139.04975892173252, 139.0014700979017, 139.0689877567852, 139.0025199248545, 139.00732354670944, 139.00758560613997, 139.02877423595638, 139.03937158109977, 139.0058471608723, 139.0028993504134, 139.00230969797752, 139.03764868725673, 139.03419340263517, 139.05281352445672, 139.0075901663073, 139.0473661185651, 139.03723183163874, 139.01440486440688, 139.02395211144392, 139.01235338207476, 139.06272876230358, 139.0188427614765, 139.0093369288616, 139.03254837265402, 139.0777302846342, 139.0499033579674, 139.00163008492547, 139.00412817526873, 139.00874488112925]
mean: 139.02538508762407
lb: 139.01699396089268  ub: 139.03377621435547
lb: 139.0169939608927  ub: 139.0337762143555
ci_lb: 0.01678225346279305
ci_ub: -0.01678225346279305
Points:  5
a: [186.05608055373716, 186.03805576919814, 186.01328764676163, 186.01131178005517, 186.00451980046728, 186.04881671058237, 186.0122456374132, 186.00912360654377, 186.09088490891412, 186.01703953545197, 186.019479989998, 186.0761044554623, 186.01340249188945, 186.00922527011488, 186.03272646032798, 186.00032584556834, 186.01346071755458, 186.00768613204554, 186.00088459103637, 186.022590873661, 186.04598237879645, 186.04249380284864, 186.0415723356717, 186.01159516259497, 186.04180651940916, 186.0071675679614, 186.0047971753881, 186.0474277650568, 186.00890070846938, 186.00441246468085]
mean: 186.02511362192203
lb: 186.01651555697038  ub: 186.0337116868737
lb: 186.01651555697038  ub: 186.0337116868737
ci_lb: 0.01719612990331143
ci_ub: -0.01719612990331143
Points:  6
a: [217.0048926749566, 217.00087622537552, 217.04569399306274, 217.01438784592284, 217.0132925581574, 217.00038718780564, 217.04276144058716, 217.01557240856707, 217.02917107099134, 217.0000196608662, 217.01522808499067, 217.00303204054688, 217.08774265936137, 217.06006943636464, 217.06138800219313, 217.00466205227798, 217.00641458903772, 217.00078604821942, 217.04434149885913, 217.0328459738268, 217.05293901897846, 217.00790589765626, 217.0395248273783, 217.08175184246372, 217.0087654589051, 217.00007339900432, 217.03125626981551, 217.0367756953756, 217.04840661511747, 217.03517802385434]
mean: 217.02753808335063
lb: 217.01818597979312  ub: 217.03689018690815
lb: 217.01818597979312  ub: 217.03689018690815
ci_lb: 0.018704207115035842
ci_ub: -0.018704207115035842
Points:  7
a: [238.02410875850768, 238.03615852144816, 238.00223252405377, 238.00319548425406, 238.0419849838066, 238.06269221656174, 238.04807114254717, 238.05507076593614, 238.08014710320694, 238.00675322849065, 238.0238691026692, 238.0368891208841, 238.0450428165371, 238.01102105560292, 238.0449516346164, 238.02118187251043, 238.03782227958496, 238.05024164450688, 238.0335607214044, 238.0008484343541, 238.02899170546826, 238.00448980932885, 238.00659434068805, 238.0035044910888, 238.0580913612618, 238.00918842585824, 238.05753181657087, 238.01364053857762, 238.05709185735319, 238.02304476074795]
mean: 238.03093375061422
lb: 238.02273030573582  ub: 238.03913719549263
lb: 238.02273030573585  ub: 238.03913719549266
ci_lb: 0.016406889756808596
ci_ub: -0.016406889756808596
Points:  8
a: [249.0008499787943, 249.03968332310959, 249.0243076189378, 249.00172826969046, 249.0085952497242, 249.04543026449022, 249.00930511229475, 249.00954276562456, 249.0126986464631, 249.01916298371415, 249.01541418106487, 249.004968987179, 249.07472647545072, 249.01552838778767, 249.00024760227052, 249.00263972253782, 249.02743755648507, 249.02902719269278, 249.08363200101664, 249.01748432799715, 249.0050809423685, 249.00123320256827, 249.0397403342726, 249.0853015320413, 249.00376446567407, 249.05632312254704, 249.02470756918484, 249.00320781146627, 249.00077798311935, 249.0632967678209]
mean: 249.024194812613
lb: 249.0146021429761  ub: 249.0337874822499
lb: 249.01460214297606  ub: 249.03378748224986
ci_lb: 0.019185339273803947
ci_ub: -0.019185339273803947
Points:  9
a: [281.0743282946543, 281.00442805427986, 281.0281016328913, 281.0000102967757, 281.02702816420987, 281.0004109958173, 281.0241078383629, 281.0026676157148, 281.0665562588068, 281.0533872411238, 281.0450687390875, 281.00663790468815, 281.0024738699754, 281.01093208393706, 281.0256338948869, 281.0006139882572, 281.03865546761546, 281.0130249708585, 281.0515238497902, 281.0003697460658, 281.0578600751093, 281.00712410192176, 281.0040135343656, 281.00455280002535, 281.01276486848866, 281.01421650643215, 281.0311528748419, 281.0057603467824, 281.0036534110124, 281.04439614126017]
mean: 281.0220485189346
lb: 281.01375251659164  ub: 281.0303445212775
lb: 281.0137525165916  ub: 281.03034452127747
ci_lb: 0.01659200468589006
ci_ub: -0.01659200468589006
