Points:  0
a: [39.00977860217628, 39.00223105768497, 39.014252457411104, 39.000858610496444, 39.04652171315767, 39.01804856699578, 39.048032898172586, 39.03421537271049, 39.05855671735658, 39.05066224023266, 39.02349003638805, 39.014237596691906, 39.01313505809175, 39.03398279667954, 39.03566298717416, 39.00711039521695, 39.01346927764807, 39.006886403733816, 39.0084905088983, 39.07963993499821, 39.01781594318773, 39.00435052342983, 39.01748346146089, 39.010021492646985, 39.00040349445369, 39.0274697960808, 39.009514751395066, 39.06620141332012, 39.000384412862886, 39.005719275381416]
mean: 39.022620926537826
lb: 39.014724828532  ub: 39.03051702454365
lb: 39.014724828531996  ub: 39.03051702454364
ci_lb: 0.015792196011645387
ci_ub: -0.015792196011645387
Points:  1
a: [48.00007808979244, 48.05338408539537, 48.05148546164402, 48.00700244739601, 48.00265563475498, 48.01640602148267, 48.014000935690085, 48.011721784453094, 48.04605752288201, 48.020833892781035, 48.014965383425995, 48.014571364301624, 48.03175727029969, 48.07715655777327, 48.04276146719497, 48.04131884716298, 48.053590948382045, 48.03511169421631, 48.0260002158054, 48.029175040319934, 48.02194668753062, 48.000740283558955, 48.02415600745771, 48.01784105426331, 48.0690314368839, 48.04352432882241, 48.008772772032394, 48.00095934670225, 48.000428172589295, 48.05695874127183]
mean: 48.027813116542234
lb: 48.01977466655983  ub: 48.035851566524634
lb: 48.01977466655983  ub: 48.035851566524634
ci_lb: 0.016076899964801328
ci_ub: -0.016076899964801328
Points:  2
a: [59.003235006114714, 59.01284037319777, 59.00976129249401, 59.05375724745644, 59.00375478922177, 59.019303445143116, 59.00014547057101, 59.00499614882958, 59.08204453187842, 59.03951297041759, 59.00899274288626, 59.03299975529365, 59.000017075545756, 59.0141509128663, 59.02924760912365, 59.04027640398355, 59.070683633825205, 59.00939272775343, 59.005728326633864, 59.0059677010424, 59.03566326303775, 59.013831997074, 59.00469306364003, 59.00493641528727, 59.061852656248014, 59.000227165491886, 59.00874536805141, 59.07731247444604, 59.057033474748785, 59.00204231774128]
mean: 59.02377154533484
lb: 59.014325346113836  ub: 59.03321774455584
lb: 59.014325346113836  ub: 59.03321774455584
ci_lb: 0.018892398442005742
ci_ub: -0.018892398442005742
Points:  3
a: [68.07948625737292, 68.03593677090804, 68.0723760960807, 68.00461308608487, 68.04850350652086, 68.01060793231908, 68.05366469134376, 68.0590238093032, 68.04942156406317, 68.04500595327416, 68.02630323363307, 68.04471133864752, 68.00947226664046, 68.08434768150417, 68.01369536199688, 68.00303246292195, 68.02010091826925, 68.01290146234575, 68.02190040627093, 68.00669533785636, 68.03202735976103, 68.00180729677527, 68.0151389358302, 68.0050555952932, 68.00010161253763, 68.06621612446436, 68.00563877192444, 68.05989012537049, 68.02483467994423, 68.00197634956768]
mean: 68.03048289962751
lb: 68.02082889383041  ub: 68.04013690542462
lb: 68.02082889383043  ub: 68.04013690542463
ci_lb: 0.019308011594205254
ci_ub: -0.019308011594205254
Points:  4
a: [85.02484229450243, 85.03279338668467, 85.00308031320814, 85.0045768206345, 85.02665379160675, 85.05071444555176, 85.02203296358111, 85.00239991937285, 85.00925234911588, 85.01050637395069, 85.03312301122943, 85.00412526531503, 85.01136411268466, 85.00946843279236, 85.00281087372149, 85.01731998019025, 85.04850110381894, 85.03136780325636, 85.01357447049041, 85.04442487186367, 85.00111388909869, 85.01880743377082, 85.00593336259199, 85.0339866261601, 85.02565125917606, 85.02373947222856, 85.00531067647103, 85.0261484323921, 85.01925728274918, 85.0198446666789]
mean: 85.01942418949629
lb: 85.01416534838917  ub: 85.02468303060341
lb: 85.01416534838917  ub: 85.02468303060341
ci_lb: 0.01051768221424254
ci_ub: -0.01051768221424254
Points:  5
a: [97.06085288906695, 97.05048382019213, 97.01270866965129, 97.00815942816809, 97.04887845339408, 97.02314556512124, 97.03676926551164, 97.02652531749928, 97.02084006908865, 97.06282747987238, 97.02140897769844, 97.00114229559318, 97.01786196639713, 97.00244359218618, 97.00403989753221, 97.03898292092785, 97.00018726397792, 97.00415411599165, 97.07073778801923, 97.00690080155032, 97.08009352326492, 97.03223427926652, 97.02196035105159, 97.00279204916565, 97.02579700518581, 97.06902778810665, 97.02625274053112, 97.03032655958407, 97.04914355444237, 97.0147783693056]
mean: 97.02904855991146
lb: 97.02040653064134  ub: 97.03769058918158
lb: 97.02040653064135  ub: 97.0376905891816
ci_lb: 0.017284058540241176
ci_ub: -0.017284058540241176
Points:  6
a: [109.0140968959896, 109.00427484487979, 109.04008391267199, 109.00497327985072, 109.02385389662956, 109.00807335922994, 109.00506804569868, 109.0000856881016, 109.01052245379829, 109.0182641475135, 109.00060487770153, 109.01634282365183, 109.01313321471497, 109.01175664438887, 109.00051899779368, 109.03624664752937, 109.01376418233771, 109.00185973007638, 109.03944757067357, 109.02214506365142, 109.03680027274476, 109.0187410846923, 109.0054783393485, 109.04793706255217, 109.0680239782207, 109.00825588221662, 109.02085102046571, 109.02689802178078, 109.02022255326757, 109.03560775415468]
mean: 109.01913107487754
lb: 109.01305904173259  ub: 109.02520310802248
lb: 109.01305904173259  ub: 109.02520310802248
ci_lb: 0.012144066289891953
ci_ub: -0.012144066289891953
Points:  7
a: [126.00484165307083, 126.03331996628646, 126.04204549623002, 126.00811941250944, 126.01648793988218, 126.0426745722334, 126.00029374234825, 126.0000151118915, 126.02054977740502, 126.00880621535187, 126.00965026675688, 126.01705988497456, 126.01087245961976, 126.00374335852683, 126.00193370324406, 126.04348765716807, 126.00766051396756, 126.0001091263353, 126.01937349265086, 126.0470839164511, 126.01730841954867, 126.02041397287731, 126.06605843295374, 126.00227498399526, 126.08512077731963, 126.00342374084839, 126.07728253208026, 126.0093756798488, 126.0029618421909, 126.05517329512669]
mean: 126.02258406478978
lb: 126.01360271075144  ub: 126.03156541882812
lb: 126.01360271075143  ub: 126.03156541882811
ci_lb: 0.017962708076680656
ci_ub: -0.017962708076680656
Points:  8
a: [131.05297483995525, 131.03214720498923, 131.00406648455012, 131.00673558953312, 131.04993132199544, 131.04387401529667, 131.00749730102186, 131.00090746519686, 131.0120204605355, 131.04872815269306, 131.01420112348129, 131.03656463567117, 131.0374154420848, 131.00702284105282, 131.01168191627391, 131.0053616164768, 131.013671962916, 131.0610630736607, 131.03793434108218, 131.0079650910953, 131.00223879512816, 131.0124705566757, 131.02581508550296, 131.00628642115996, 131.0166495406639, 131.00164620236066, 131.05577886081005, 131.01455221164363, 131.0104911796116, 131.03033583042807]
mean: 131.02226765211824
lb: 131.0153021323549  ub: 131.0292331718816
lb: 131.0153021323549  ub: 131.0292331718816
ci_lb: 0.013931039526710265
ci_ub: -0.013931039526710265
Points:  9
a: [140.0600398398048, 140.05924725633093, 140.05571318089926, 140.00275121588433, 140.03334773384807, 140.0140360919697, 140.04943297615512, 140.0150194386676, 140.02985488726878, 140.01238712094957, 140.02847868158773, 140.01778477887316, 140.0087607633757, 140.01612069564067, 140.04490860849384, 140.00655231442153, 140.01059892455459, 140.05060280695298, 140.0299045343548, 140.03518425180744, 140.0043493329615, 140.04464915338215, 140.03251659020358, 140.0111051980358, 140.03683164447844, 140.00252657231272, 140.00900117305846, 140.01380464065505, 140.07668387563635, 140.0626177428786]
mean: 140.0291604008481
lb: 140.0213469277766  ub: 140.0369738739196
lb: 140.0213469277766  ub: 140.0369738739196
ci_lb: 0.01562694614301563
ci_ub: -0.01562694614301563
