Points:  0
a: [25.020608673475365, 25.02555497882794, 25.002139423365996, 25.07429272161772, 25.019363889849313, 25.037006123252365, 25.00045165386864, 25.019829832032123, 25.004405963416605, 25.054201436694452, 25.026459353816357, 25.021887392616367, 25.00686303772944, 25.038362600961115, 25.04372819833068, 25.00595544049327, 25.041207934200095, 25.053874595363435, 25.03338894441061, 25.008046124354003, 25.039870879987983, 25.022749812383005, 25.00885301942484, 25.0875312911397, 25.036000321557722, 25.00682484561524, 25.032804309867938, 25.054989637939578, 25.05599202708157, 25.002216831347862]
mean: 25.029515376500708
lb: 25.02118948202429  ub: 25.037841270977125
lb: 25.02118948202429  ub: 25.037841270977125
ci_lb: 0.016651788952835034
ci_ub: -0.016651788952835034
Points:  1
a: [36.01266853319693, 36.05892869464988, 36.000033082588125, 36.01941297261779, 36.03169220810818, 36.01332468094085, 36.00579665883649, 36.02135543571771, 36.016529239855295, 36.006717902919725, 36.019923040449775, 36.02061656744658, 36.03889816850168, 36.02717411362145, 36.021087827344154, 36.025730889725, 36.013979392092736, 36.05465619635784, 36.016227575257716, 36.00172616741287, 36.03215186335026, 36.0069540981359, 36.01935427487411, 36.02691110013601, 36.01034868981063, 36.0049064759914, 36.00030548856621, 36.049906764288274, 36.01959827297835, 36.002815169907855]
mean: 36.01999105152266
lb: 36.014258545907374  ub: 36.025723557137944
lb: 36.014258545907374  ub: 36.025723557137944
ci_lb: 0.011465011230569644
ci_ub: -0.011465011230569644
Points:  2
a: [45.00191454911728, 45.01706424680037, 45.06576608242919, 45.00340715153524, 45.011341479147, 45.004467002011324, 45.02849421672078, 45.00719723442566, 45.006201225042226, 45.0570740995643, 45.0004077573276, 45.01198305985005, 45.008411443709605, 45.00691601462569, 45.02708976555317, 45.00416713222866, 45.00691782692976, 45.01664979711085, 45.03526388701809, 45.04013928099276, 45.039569357160794, 45.02337180017517, 45.06545126248582, 45.00204803768804, 45.02153413269838, 45.07082961465749, 45.00717587601041, 45.018494244576914, 45.01091728849105, 45.006542362053715]
mean: 45.020893574271255
lb: 45.01314951017065  ub: 45.02863763837186
lb: 45.01314951017065  ub: 45.02863763837186
ci_lb: 0.015488128201212703
ci_ub: -0.015488128201212703
Points:  3
a: [53.05270429668674, 53.014390113148316, 53.00976861728645, 53.04672300899206, 53.00452087725775, 53.03132314670526, 53.02276109902782, 53.021010598248886, 53.002101717643676, 53.00671738981014, 53.02625792032269, 53.010113296920544, 53.01639875895185, 53.017154465558846, 53.00438393578206, 53.09241273416623, 53.01534227802288, 53.03770087281907, 53.01928126960469, 53.01119872672303, 53.0280061821793, 53.02494451586297, 53.02061919594902, 53.02110521535522, 53.00631558313093, 53.00423754288596, 53.002018570468366, 53.074114168348785, 53.05160687637202, 53.05343862425085]
mean: 53.024955719949425
lb: 53.01674856651182  ub: 53.03316287338703
lb: 53.016748566511815  ub: 53.03316287338702
ci_lb: 0.016414306875205398
ci_ub: -0.016414306875205398
Points:  4
a: [67.00836523707487, 67.03849127925902, 67.00340902243195, 67.00697641707457, 67.0681775957933, 67.0193208315099, 67.0126869252478, 67.0451062795994, 67.0200929066358, 67.01450297896233, 67.03202641633493, 67.00134714388328, 67.03392942706661, 67.01091735379703, 67.00008451504137, 67.03719854574865, 67.00476887864554, 67.02448159339653, 67.07730314839775, 67.00998157858382, 67.02384859133544, 67.01863718063107, 67.02426968149196, 67.01107715906066, 67.01851818137338, 67.04851452689803, 67.00374210960369, 67.0726273403087, 67.0115010759249, 67.01455789850183]
mean: 67.0238820606538
lb: 67.0160774623853  ub: 67.03168665892231
lb: 67.01607746238528  ub: 67.0316866589223
ci_lb: 0.015609196537013759
ci_ub: -0.015609196537013759
Points:  5
a: [78.00144193197463, 78.01348078525629, 78.0660766046566, 78.00912814743408, 78.00906153561682, 78.00856160788503, 78.00664607472734, 78.02298182018279, 78.02014825235263, 78.00714429705974, 78.02708705340967, 78.01929276022902, 78.02034449087822, 78.06647679646994, 78.07419830850634, 78.04533991759065, 78.0018309872555, 78.03065698185078, 78.03335305895394, 78.00848694446688, 78.01619271764812, 78.01033098581826, 78.08505328118248, 78.01853104429176, 78.01090240797696, 78.03223870953339, 78.0029490451159, 78.04227823871832, 78.00202823308479, 78.07084840669197]
mean: 78.02610304756061
lb: 78.01708114483039  ub: 78.03512495029084
lb: 78.0170811448304  ub: 78.03512495029085
ci_lb: 0.018043805460450812
ci_ub: -0.018043805460450812
Points:  6
a: [87.06673356618217, 87.07143040581293, 87.00854991811507, 87.04455111089517, 87.0604752950608, 87.01896111513578, 87.02271005854045, 87.01704664701927, 87.0010340685251, 87.02590602048818, 87.0544553112279, 87.01088099517665, 87.00069938969226, 87.04219582120837, 87.02611584821845, 87.0524772884397, 87.00886452832565, 87.002630775676, 87.0080878506513, 87.00320427404446, 87.00419550067585, 87.00096887376102, 87.00886705820835, 87.02094019893252, 87.03871703483522, 87.06979939099422, 87.0040388036827, 87.0084486356808, 87.02969151084278, 87.00401192869298]
mean: 87.02455630749141
lb: 87.01595919522966  ub: 87.03315341975316
lb: 87.01595919522966  ub: 87.03315341975316
ci_lb: 0.017194224523507273
ci_ub: -0.017194224523507273
Points:  7
a: [95.01699201686476, 95.0352520136257, 95.05057422738086, 95.00023967941999, 95.03402705469779, 95.03353278354902, 95.0001428955821, 95.00192976467737, 95.00020587267427, 95.00008656292752, 95.00190857644587, 95.01224957618037, 95.01770420674886, 95.02534619384784, 95.03665632314386, 95.02430159271516, 95.00064974923907, 95.02693979088423, 95.02091884214819, 95.00899149918912, 95.01423528053095, 95.03889929954973, 95.00274542155648, 95.00071351057338, 95.01837062666598, 95.03344781691428, 95.00562787593269, 95.04797485877432, 95.00126614309902, 95.03075561169376]
mean: 95.0180895222411
lb: 95.01216200952548  ub: 95.02401703495671
lb: 95.01216200952548  ub: 95.02401703495671
ci_lb: 0.01185502543123107
ci_ub: -0.01185502543123107
Points:  8
a: [109.05748874207272, 109.03422374486166, 109.01431204027038, 109.01579770170744, 109.04402819109717, 109.00015415208638, 109.0375416987944, 109.01015949742495, 109.02680498848343, 109.01335704856291, 109.01524054124941, 109.00504715727975, 109.0236079337578, 109.07691816612045, 109.02709040437159, 109.06886833043727, 109.0512044602082, 109.01696549693902, 109.04747299064495, 109.01195095286943, 109.03501547762691, 109.00922697733925, 109.03133081274524, 109.04970997779002, 109.04336406515743, 109.01987242464367, 109.00798948616753, 109.05180726066357, 109.00008360903385, 109.00067504298559]
mean: 109.02824364577977
lb: 109.02044498336134  ub: 109.03604230819819
lb: 109.02044498336132  ub: 109.03604230819816
ci_lb: 0.015597324836846838
ci_ub: -0.015597324836846838
Points:  9
a: [115.00477150843341, 115.04938166566085, 115.0168174187008, 115.00372159919634, 115.02656544741694, 115.00033406373741, 115.00030738649592, 115.00962308884687, 115.0517675953642, 115.03525883999863, 115.01501080910602, 115.0664816998828, 115.01270190242089, 115.0091418929271, 115.00013817915116, 115.01138834664509, 115.00301344165665, 115.02931415769585, 115.00669275711387, 115.00613536185418, 115.00512324555346, 115.00619080345818, 115.00907529656126, 115.00329338028352, 115.033099650456, 115.0132417398474, 115.00681457124001, 115.00381901002694, 115.02811467378777, 115.02825152469553]
mean: 115.0165197019405
lb: 115.01018677436616  ub: 115.02285262951483
lb: 115.01018677436615  ub: 115.02285262951482
ci_lb: 0.01266585514866847
ci_ub: -0.01266585514866847
