Points:  0
a: [15.00700080990588, 15.018429931758352, 15.06686106906264, 15.012115930329132, 15.02890281677118, 15.000302607271884, 15.068557316048839, 15.000623979976739, 15.053049042238033, 15.080016255074423, 15.000820637561715, 15.015520067063957, 15.008815125416199, 15.02399755857424, 15.017188993098234, 15.014175448678944, 15.023579795909328, 15.022921266392862, 15.060288665806327, 15.034139007746717, 15.039157899751267, 15.006463962409095, 15.030937740100832, 15.013856955166922, 15.074005548735634, 15.006201577792385, 15.06027443342042, 15.000915701782969, 15.037307215521777, 15.01208562430736]
mean: 15.027950432789142
lb: 15.018907967568703  ub: 15.036992898009581
lb: 15.018907967568706  ub: 15.036992898009585
ci_lb: 0.01808493044087811
ci_ub: -0.01808493044087811
Points:  1
a: [20.003958486225642, 20.004948100587075, 20.005119324769208, 20.007634786041084, 20.02766572525632, 20.07088347749653, 20.055044382884773, 20.012361142520156, 20.030530928921337, 20.026401441983506, 20.018341128277584, 20.001324034575035, 20.06222861872202, 20.007687534614398, 20.00108414391768, 20.000524151959503, 20.02236498302784, 20.002693839131883, 20.04675564160105, 20.05684625225391, 20.025821993873706, 20.025731938785338, 20.003483562026176, 20.032118035414424, 20.05334229678942, 20.000702755263962, 20.020031026112306, 20.019289408582498, 20.073266032336985, 20.005875321547897]
mean: 20.024135349849978
lb: 20.015688037753275  ub: 20.03258266194668
lb: 20.015688037753275  ub: 20.03258266194668
ci_lb: 0.01689462419340515
ci_ub: -0.01689462419340515
Points:  2
a: [25.009386996840234, 25.048678123491772, 25.011608661108625, 25.021568761649522, 25.004886615238526, 25.06236388724993, 25.048502684969563, 25.019650544381708, 25.01463220574177, 25.045366657002205, 25.078786806000053, 25.004554673625766, 25.021744355182676, 25.01325084411617, 25.06183359311306, 25.025870205899995, 25.01323568218153, 25.05189320204826, 25.023431800433258, 25.064287820427975, 25.004036447111655, 25.017822994812956, 25.0076037402601, 25.0073669591288, 25.020769059834233, 25.006363916678087, 25.00875949305616, 25.035459344219685, 25.050180927935646, 25.07668704749144]
mean: 25.029352801707713
lb: 25.020663360435485  ub: 25.03804224297994
lb: 25.020663360435485  ub: 25.03804224297994
ci_lb: 0.017378882544456076
ci_ub: -0.017378882544456076
Points:  3
a: [30.0041221134054, 30.00058574703636, 30.01045561344675, 30.044725205335176, 30.0249873297001, 30.04094889177039, 30.021321114686923, 30.010313757219052, 30.012985624233455, 30.046871707057527, 30.007914496070597, 30.012641852133864, 30.011909394201076, 30.0061155108938, 30.00897967048133, 30.03519116270646, 30.006699636662287, 30.03484475651427, 30.022393571473767, 30.002505072289317, 30.01381225302376, 30.06004137686713, 30.012718779727567, 30.02327817153581, 30.019776611796324, 30.030087791975344, 30.056990486331838, 30.040932842315215, 30.00800649391447, 30.01437180585365]
mean: 30.021550961355306
lb: 30.015388383615683  ub: 30.02771353909493
lb: 30.015388383615683  ub: 30.02771353909493
ci_lb: 0.012325155479246064
ci_ub: -0.012325155479246064
Points:  4
a: [35.000388290942496, 35.00262757739448, 35.047325737992466, 35.07530624152998, 35.00147576030456, 35.04479175624362, 35.05061442000605, 35.03596435823146, 35.00017858148048, 35.04075290302995, 35.02114010207159, 35.056501005713535, 35.016164550334906, 35.05604157933326, 35.00832464541071, 35.01107737545697, 35.00491029494962, 35.01300639102565, 35.04073704199082, 35.00852939253205, 35.02907346237522, 35.042653726044016, 35.0199621449174, 35.00296957754054, 35.072545102488945, 35.00454159301609, 35.017581531768975, 35.02857069608615, 35.03007168291264, 35.01931040868161]
mean: 35.026771264393545
lb: 35.01860857290213  ub: 35.03493395588496
lb: 35.01860857290213  ub: 35.03493395588496
ci_lb: 0.01632538298282782
ci_ub: -0.01632538298282782
Points:  5
a: [38.00772882619267, 38.0376722689726, 38.00005535144786, 38.02432901691448, 38.049913054304795, 38.04301732393136, 38.01027943698616, 38.07293515824546, 38.02886294329815, 38.05545233411923, 38.04673056651371, 38.04419065243475, 38.025572606485774, 38.00641905561848, 38.01166117149458, 38.054258927479026, 38.01739553010583, 38.008701472072396, 38.01949262397779, 38.011521302594645, 38.010498628531124, 38.03027857896712, 38.038117296756376, 38.01162714062319, 38.005227025279034, 38.00267046200233, 38.014812439684256, 38.02886631616647, 38.08237305528331, 38.01889103871233]
mean: 38.027318386839845
lb: 38.019411141084426  ub: 38.035225632595264
lb: 38.019411141084426  ub: 38.035225632595264
ci_lb: 0.015814491510838025
ci_ub: -0.015814491510838025
Points:  6
a: [43.02819036202142, 43.002887419968225, 43.03072592583525, 43.02057188273284, 43.0438943251417, 43.029936174178395, 43.00804414982776, 43.00063176073785, 43.020407889806236, 43.09405592230967, 43.00214952069123, 43.00023246830811, 43.08082224123665, 43.004589110136614, 43.05554604911205, 43.01976990807887, 43.00504378339932, 43.03470939427638, 43.091591435291534, 43.0493606785214, 43.00144559670527, 43.00995322531238, 43.01004057568573, 43.03324764837586, 43.00724862706735, 43.001957443778124, 43.02060692768633, 43.000870514817585, 43.01053450383395, 43.008447846953885]
mean: 43.0242504437276
lb: 43.0142645244962  ub: 43.03423636295901
lb: 43.01426452449619  ub: 43.034236362959
ci_lb: 0.019971838462808478
ci_ub: -0.019971838462808478
Points:  7
a: [48.028982308259984, 48.08050003850037, 48.021622215928474, 48.001653697366415, 48.02026957154285, 48.00359790301318, 48.00010844334145, 48.04779610226817, 48.064069779818524, 48.019439303883196, 48.02274532327549, 48.00406508836031, 48.024806333940624, 48.03569594672361, 48.00977403305886, 48.004948765208844, 48.0009671830867, 48.03543572247439, 48.01324682276284, 48.01241443002958, 48.07186436118092, 48.002863306082816, 48.07885847568232, 48.06371762779063, 48.00153435213533, 48.0040450778217, 48.00539936286158, 48.01584397585743, 48.050282338040084, 48.002144401180416]
mean: 48.024956409715905
lb: 48.01547188267179  ub: 48.03444093676002
lb: 48.015471882671804  ub: 48.034440936760035
ci_lb: 0.01896905408823102
ci_ub: -0.01896905408823102
Points:  8
a: [52.01528754031915, 52.04338392637925, 52.004710010649205, 52.00620200562579, 52.00264959946455, 52.013928827649146, 52.00924141790548, 52.065940815955365, 52.00545757487479, 52.02457298237143, 52.02813814199364, 52.00784439270266, 52.03553130718964, 52.00998678927391, 52.01886451331561, 52.00350107591748, 52.04912381703715, 52.00116542156772, 52.025129128728516, 52.0099606136966, 52.00619420616237, 52.051636992280955, 52.009875437686595, 52.00923625633346, 52.01836112391651, 52.021912344623445, 52.036145239937674, 52.005008966570735, 52.03751944937046, 52.00365600913856]
mean: 52.01933886428792
lb: 52.01297947902079  ub: 52.02569824955504
lb: 52.01297947902079  ub: 52.02569824955504
ci_lb: 0.012718770534249302
ci_ub: -0.012718770534249302
Points:  9
a: [55.00951355590026, 55.02201304794422, 55.02445183697075, 55.000652226786755, 55.01336496229697, 55.01767390184609, 55.07284166896197, 55.006977007037136, 55.00884204988821, 55.009954629858704, 55.008085888708024, 55.00229153597547, 55.01363936836349, 55.01346795943731, 55.03354455405865, 55.03044666958725, 55.01634299936996, 55.007175763096534, 55.00245958772108, 55.021654733721164, 55.01687079123266, 55.00884328071702, 55.01561599112539, 55.00170322940678, 55.05897491581617, 55.045070609853866, 55.01029068971926, 55.03624649944748, 55.02226447346188, 55.049676134684475]
mean: 55.020031685433175
lb: 55.013473971315335  ub: 55.026589399551014
lb: 55.01347397131532  ub: 55.026589399551
ci_lb: 0.013115428235678905
ci_ub: -0.013115428235678905
