Points:  0
a: [37.04381624541945, 37.012860890642884, 37.03311489290642, 37.024547769344, 37.017338638363654, 37.0019356021486, 37.00177519633724, 37.02617121364696, 37.00192319848044, 37.02594865103546, 37.02884076478767, 37.04344868973055, 37.00469889735145, 37.021717416781755, 37.04228871353292, 37.0743405287255, 37.00041982400226, 37.02063755794863, 37.04692237779328, 37.01652298802557, 37.074729993475806, 37.007763853647624, 37.02636641960062, 37.00556948842386, 37.011794946792925, 37.02667535327161, 37.03030164716586, 37.01945216773566, 37.04727160089333, 37.05652962242617]
mean: 37.02652417168127
lb: 37.01901576447225  ub: 37.03403257889028
lb: 37.01901576447225  ub: 37.03403257889028
ci_lb: 0.015016814418032709
ci_ub: -0.015016814418032709
Points:  1
a: [48.01110085537975, 48.03967373332597, 48.077701696977655, 48.06677617265431, 48.00285497899951, 48.01038225993522, 48.01925630441454, 48.00148849286848, 48.00525064406764, 48.04101083339049, 48.023418487824564, 48.01272231170722, 48.07932813024322, 48.011773749227515, 48.030013815313986, 48.001476006876516, 48.01412240657198, 48.017337717430216, 48.053358390556824, 48.061161736516084, 48.005859183620096, 48.054531924811165, 48.00035562472213, 48.03244621069066, 48.00101023488976, 48.058108288513395, 48.00787099315038, 48.015156283319456, 48.01137559174231, 48.02144112750777]
mean: 48.02627880624163
lb: 48.01720427044107  ub: 48.035353342042185
lb: 48.01720427044108  ub: 48.03535334204219
ci_lb: 0.018149071601115452
ci_ub: -0.018149071601115452
Points:  2
a: [59.00654390093038, 59.021702392429304, 59.02789474604145, 59.0673097071115, 59.00849550019599, 59.02794959044649, 59.00185600707465, 59.00447459101251, 59.00030670710648, 59.052194245537805, 59.02191618598018, 59.007795052306115, 59.03885934314357, 59.04006443171763, 59.01050463086867, 59.03258274575434, 59.02171614627061, 59.01231771294533, 59.011975626684396, 59.0508589212659, 59.030669031731904, 59.05771640475664, 59.0432130066509, 59.060702647071324, 59.01441841646443, 59.043978307439026, 59.02279993750184, 59.006189154826316, 59.03717200716789, 59.00584174240772]
mean: 59.02633396136137
lb: 59.0191476871326  ub: 59.03352023559013
lb: 59.0191476871326  ub: 59.03352023559013
ci_lb: 0.014372548457529888
ci_ub: -0.014372548457529888
Points:  3
a: [71.00758596363883, 71.00716006259097, 71.01755277254587, 71.02573744537516, 71.00792766471665, 71.00475398082995, 71.00761265883457, 71.04315574315575, 71.07105702855279, 71.01130896761698, 71.000122620346, 71.01079251977733, 71.05813072998212, 71.05989952904648, 71.03252588318374, 71.00442953941133, 71.03907042205769, 71.0010359115879, 71.05418815080132, 71.01655239364037, 71.04378436806975, 71.02525587229424, 71.0655785890706, 71.00367363776004, 71.00545503130867, 71.0120227768752, 71.0505896522167, 71.06723492468694, 71.00740792496913, 71.00582621627035]
mean: 71.02558096604044
lb: 71.01688121086214  ub: 71.03428072121874
lb: 71.01688121086215  ub: 71.03428072121875
ci_lb: 0.017399510356597148
ci_ub: -0.017399510356597148
Points:  4
a: [81.00861493969721, 81.00221708456705, 81.011664432112, 81.02513443166511, 81.05132462254238, 81.00026154985595, 81.0023057733386, 81.01439896482925, 81.0400403353085, 81.07455140990152, 81.00078155425486, 81.04680404997943, 81.03705416215665, 81.02667228968154, 81.02063119162854, 81.00183837002997, 81.00288401821555, 81.06208967488212, 81.06265150137509, 81.06537416252499, 81.00500796376197, 81.00342657639776, 81.0758611436535, 81.02279411620289, 81.00861532874356, 81.02797667253213, 81.03961155646184, 81.04218590051072, 81.04630086877913, 81.02338894569971]
mean: 81.028415453043
lb: 81.01947983321884  ub: 81.03735107286715
lb: 81.01947983321884  ub: 81.03735107286715
ci_lb: 0.01787123964831494
ci_ub: -0.01787123964831494
Points:  5
a: [98.00658700524107, 98.03609198114285, 98.04984786103778, 98.01570075748963, 98.05211558501098, 98.01859885114808, 98.0351741240838, 98.05122469615412, 98.00123109506968, 98.01806603665746, 98.00418771500594, 98.06056247972481, 98.08023376911912, 98.01631176717214, 98.02886825950213, 98.01281564413064, 98.00174156241712, 98.02751739635829, 98.02615711663672, 98.01663770178628, 98.04415722266943, 98.05089304243066, 98.00014747225987, 98.00345783242695, 98.03030101600383, 98.00083386660667, 98.0017230238762, 98.0232779452396, 98.00810647515183, 98.00920631515964]
mean: 98.0243925205571
lb: 98.01656223079513  ub: 98.03222281031907
lb: 98.01656223079513  ub: 98.03222281031907
ci_lb: 0.015660579523938623
ci_ub: -0.015660579523938623
Points:  6
a: [111.04353608914398, 111.02068416210909, 111.00381065147432, 111.00550599278439, 111.01655366549404, 111.00618633683206, 111.04301559199293, 111.00077066180692, 111.02680622570678, 111.04731793441225, 111.01561052447532, 111.01412639012116, 111.00074341327674, 111.06936534287446, 111.01703457849278, 111.01262205824257, 111.01691936518783, 111.00959202877918, 111.04226461921016, 111.05525855308423, 111.01968990238319, 111.02569808455388, 111.03452826438665, 111.07626493881828, 111.01119729351912, 111.03268847086, 111.05446841957428, 111.02460184667507, 111.00187679368709, 111.09291508545125]
mean: 111.02805510951369
lb: 111.01921369443146  ub: 111.03689652459592
lb: 111.01921369443144  ub: 111.0368965245959
ci_lb: 0.017682830164460484
ci_ub: -0.017682830164460484
Points:  7
a: [119.02653613175859, 119.0536948885919, 119.06301562717202, 119.03870697149577, 119.02662788100085, 119.00636933654228, 119.00399615473582, 119.06038032850056, 119.0304222813195, 119.01902215033327, 119.00937788790824, 119.017462900144, 119.0354329992769, 119.00079694324242, 119.0353315346658, 119.06160190713192, 119.00046341001541, 119.09189749830522, 119.07469192744776, 119.00756768000889, 119.03644310964769, 119.00588689865664, 119.0273226533991, 119.00091089226495, 119.01739785050299, 119.04722662505539, 119.01421855447943, 119.02607979898349, 119.02906137319326, 119.0080953665852]
mean: 119.0292013187455
lb: 119.02032611035311  ub: 119.0380765271379
lb: 119.02032611035312  ub: 119.03807652713792
ci_lb: 0.017750416784792833
ci_ub: -0.017750416784792833
Points:  8
a: [130.03944208734967, 130.00364886555212, 130.01082461302678, 130.04617869981476, 130.02462761951395, 130.00404933259824, 130.0357194186371, 130.0051762332696, 130.06944019042504, 130.0025518413424, 130.06657115151202, 130.0473726772175, 130.00458926296227, 130.04725763281644, 130.02224685932293, 130.00179190572428, 130.0129556666175, 130.0320713334489, 130.00408323031542, 130.00514062007196, 130.00543244223434, 130.03356028084949, 130.04425241771386, 130.00701987562036, 130.00415661137535, 130.000846817099, 130.04439338699555, 130.02207710639513, 130.00759066037486, 130.02330024306139]
mean: 130.02261230277526
lb: 130.01497197805375  ub: 130.03025262749676
lb: 130.01497197805375  ub: 130.03025262749676
ci_lb: 0.015280649443013772
ci_ub: -0.015280649443013772
Points:  9
a: [145.03701422475729, 145.00905820622398, 145.00042000065056, 145.01524832869242, 145.0013090631644, 145.0006964476065, 145.0416699109385, 145.05057076494847, 145.02816123359872, 145.03536084027203, 145.00639530542398, 145.03313760044378, 145.01411140775852, 145.03394440762062, 145.0270780269765, 145.0272302793378, 145.02594650501746, 145.01781271633465, 145.0042475522395, 145.04453719917015, 145.0076774532363, 145.0368142460417, 145.00347900308438, 145.00976106662, 145.00221275691672, 145.04551098465234, 145.03234814012694, 145.0033175814886, 145.0899156626543, 145.002163486171]
mean: 145.02290501340565
lb: 145.01531337303183  ub: 145.03049665377947
lb: 145.01531337303183  ub: 145.03049665377947
ci_lb: 0.015183280747635308
ci_ub: -0.015183280747635308
