Points:  0
a: [50.017891732547895, 50.00626057202698, 50.00426919663122, 50.005009603568084, 50.017688497122805, 50.00151085783578, 50.00443132024421, 50.011186086066864, 50.028461208773294, 50.047017502516674, 50.028756231614786, 50.01507908524657, 50.04069184117026, 50.07859695094707, 50.02850387507294, 50.010069312203555, 50.003268922291525, 50.078869360890124, 50.049280736605674, 50.039156588745435, 50.076448135085414, 50.0137123979947, 50.01530844334345, 50.052758027134374, 50.0035141338523, 50.002471501076414, 50.02082632148466, 50.03994231654017, 50.0703060877115, 50.03101419242285]
mean: 50.02807670129226
lb: 50.01897466060485  ub: 50.037178741979666
lb: 50.01897466060484  ub: 50.03717874197966
ci_lb: 0.01820408137481877
ci_ub: -0.01820408137481877
Points:  1
a: [66.02464932801401, 66.01829730347917, 66.00354529055537, 66.01424473274771, 66.00075313429191, 66.01108307602534, 66.00144425748368, 66.00577419654911, 66.02234328384712, 66.04191489483593, 66.0079728493437, 66.0417496173316, 66.02622692536787, 66.02476852812867, 66.02990937049896, 66.00926816416435, 66.01479310593867, 66.03396842788044, 66.01894461257439, 66.0478695685032, 66.00199558807459, 66.01605382316775, 66.00524338087358, 66.00467624756308, 66.01188501084081, 66.04210009397617, 66.04611505321225, 66.0255089816724, 66.04593477327847, 66.03640236804812]
mean: 66.02118119960895
lb: 66.0155215533818  ub: 66.02684084583609
lb: 66.0155215533818  ub: 66.02684084583609
ci_lb: 0.011319292454288643
ci_ub: -0.011319292454288643
Points:  2
a: [94.03674991374677, 94.01668982110871, 94.04123228273609, 94.0249267097375, 94.00239537365319, 94.00258490497735, 94.01560246221521, 94.02213087009231, 94.05596834342236, 94.00295602419087, 94.03133476193659, 94.01681261854587, 94.00369066273895, 94.00738603187085, 94.00395573328326, 94.00216530448095, 94.02432799360709, 94.03206646849894, 94.01056119482361, 94.03594304607628, 94.000892476993, 94.00405969934847, 94.00639701195705, 94.03443981054298, 94.06507958476733, 94.03232038036394, 94.00486336553841, 94.02268182475873, 94.08262314114158, 94.00928973271044]
mean: 94.02173758499549
lb: 94.01413750607368  ub: 94.0293376639173
lb: 94.01413750607368  ub: 94.0293376639173
ci_lb: 0.01520015784362272
ci_ub: -0.01520015784362272
Points:  3
a: [113.00482662476013, 113.00713815690173, 113.00146902213854, 113.0202057548339, 113.03414817030657, 113.00066144102351, 113.05330952372509, 113.0519332803663, 113.01418477202687, 113.01396828408089, 113.02465957561013, 113.00340277590095, 113.01158244800446, 113.04656097888905, 113.07528551594542, 113.00218777718564, 113.0029885670049, 113.00680658382821, 113.00512717861689, 113.01853174800394, 113.00963500999566, 113.00397297683408, 113.02693144400226, 113.01143257081722, 113.00398191899143, 113.00280381926927, 113.06651782522451, 113.00460798549405, 113.03504968217668, 113.04198775981729]
mean: 113.0201966390592
lb: 113.0123534396648  ub: 113.02803983845358
lb: 113.0123534396648  ub: 113.02803983845358
ci_lb: 0.015686398788773204
ci_ub: -0.015686398788773204
Points:  4
a: [131.04133740993032, 131.03306180582976, 131.00557135593903, 131.0140391682631, 131.05849453208447, 131.0153152585327, 131.00694920087523, 131.04263950340186, 131.0516902187022, 131.001125014779, 131.03240009927157, 131.00509502067354, 131.02004890925562, 131.00053310175088, 131.0022043827249, 131.01450030419574, 131.03165818754303, 131.02455582057348, 131.05138898201886, 131.01937837073461, 131.0013118964974, 131.0061339155548, 131.02887292562116, 131.00917548718138, 131.02380271174522, 131.0772100519723, 131.06467490876153, 131.00087007576496, 131.01401887765095, 131.00189950292128]
mean: 131.02333190002503
lb: 131.01540228115348  ub: 131.03126151889657
lb: 131.01540228115348  ub: 131.03126151889657
ci_lb: 0.015859237743086396
ci_ub: -0.015859237743086396
Points:  5
a: [178.00209665244188, 178.00807613559482, 178.0127735600715, 178.04501835168327, 178.00449398357208, 178.00347866333928, 178.020541020811, 178.01720604308912, 178.01077636678593, 178.00133816663322, 178.04217685116495, 178.01654242814047, 178.01246585316133, 178.06639379070344, 178.04167766991466, 178.00237271465005, 178.00006227034447, 178.04868611526325, 178.02379797862326, 178.06031456477834, 178.02307905842005, 178.0194311094688, 178.0131512517082, 178.01990469402713, 178.02973558609676, 178.04029920072767, 178.0240062924186, 178.06850449830785, 178.0489432844825, 178.023145842325]
mean: 178.0250163332916
lb: 178.0175887753641  ub: 178.03244389121912
lb: 178.0175887753641  ub: 178.03244389121912
ci_lb: 0.014855115855027634
ci_ub: -0.014855115855027634
Points:  6
a: [205.03659543828115, 205.00304269831994, 205.07630200769546, 205.00480192941995, 205.03138018473615, 205.03773495739617, 205.03327361336736, 205.02111380312041, 205.01895956603462, 205.01876172743343, 205.04426701238373, 205.0027809388003, 205.0092515296506, 205.0200655287503, 205.07430987478187, 205.0238336887026, 205.04221431313087, 205.0647015761447, 205.00997553873938, 205.01300813632412, 205.003830850637, 205.00168951170818, 205.0018861763682, 205.03483594197309, 205.0251374569825, 205.01043063487998, 205.00339209576137, 205.0652682652819, 205.04725287436585, 205.0636978399422]
mean: 205.02812652370378
lb: 205.01950684920357  ub: 205.03674619820399
lb: 205.01950684920357  ub: 205.03674619820399
ci_lb: 0.01723934900041968
ci_ub: -0.01723934900041968
Points:  7
a: [214.01054058097066, 214.03330064744262, 214.0002596083388, 214.00994060467218, 214.0311471153116, 214.0040566642879, 214.00159641225156, 214.00010572396505, 214.00697838705787, 214.02223550853662, 214.00785131987803, 214.05146166334163, 214.00235865894413, 214.02418796911132, 214.03385915519425, 214.0016543425722, 214.0545113065677, 214.03024099942706, 214.06605711843682, 214.01178907899748, 214.00240557398482, 214.02951285090444, 214.00949295393136, 214.02021594551468, 214.0222097929603, 214.04514838468975, 214.01174387733082, 214.0394953927896, 214.00918628602597, 214.00490693198836]
mean: 214.01994836184753
lb: 214.01320246348664  ub: 214.02669426020842
lb: 214.01320246348664  ub: 214.02669426020842
ci_lb: 0.013491796721780247
ci_ub: -0.013491796721780247
Points:  8
a: [235.0166808193052, 235.00686442052566, 235.01636941783698, 235.01447138171005, 235.07833066675903, 235.00611983486698, 235.00062746543873, 235.0666360783819, 235.0610544764304, 235.0048828565908, 235.01924990460793, 235.0502004728061, 235.00636610770542, 235.01457733142433, 235.03656083202594, 235.00078364591815, 235.01041933651135, 235.00930426007997, 235.00801316540293, 235.0088460575286, 235.01326860571564, 235.00224425604378, 235.00759546674067, 235.05175809651917, 235.01445981501942, 235.01815126124774, 235.00338322005618, 235.00571712098676, 235.05501057002138, 235.0034630444417]
mean: 235.02038033295494
lb: 235.01215705923562  ub: 235.02860360667427
lb: 235.01215705923565  ub: 235.0286036066743
ci_lb: 0.016446547438647485
ci_ub: -0.016446547438647485
Points:  9
a: [255.00012774008528, 255.06187673109585, 255.02880806493243, 255.02087768169756, 255.00031577271076, 255.01398944689336, 255.07442178356808, 255.05914464387405, 255.0139378769996, 255.01178204336256, 255.02153649876036, 255.03830380597915, 255.01552677654516, 255.0134742035268, 255.02255662528398, 255.03864666079483, 255.0024167397169, 255.02950796305464, 255.0274128689628, 255.00155059525457, 255.02389575416365, 255.0206810863077, 255.03165513931694, 255.0333157464327, 255.02570826479567, 255.0091858559044, 255.00490729225422, 255.00249043463728, 255.02087398714585, 255.00460268547408]
mean: 255.02245102565107
lb: 255.01556287017286  ub: 255.02933918112927
lb: 255.01556287017283  ub: 255.02933918112925
ci_lb: 0.013776310956416182
ci_ub: -0.013776310956416182
