Points:  0
a: [68.02002134548502, 68.01880185188949, 68.01891356548843, 68.00036540407648, 68.00453654128253, 68.03204491680489, 68.02232306193106, 68.00042275294359, 68.00962623994228, 68.00943519543523, 68.015618533603, 68.03620058971956, 68.01081781223277, 68.05886965846592, 68.04465751989694, 68.00616479204506, 68.01018681051215, 68.0032892483601, 68.00187042269803, 68.07059835899794, 68.0169870575388, 68.01360721961261, 68.04587698105239, 68.00871274838414, 68.05382741702914, 68.00489256617037, 68.0105433303009, 68.05041999896898, 68.0017509928027, 68.07479811645142]
mean: 68.02253936833739
lb: 68.01442407101457  ub: 68.03065466566021
lb: 68.01442407101456  ub: 68.0306546656602
ci_lb: 0.016230594645634255
ci_ub: -0.016230594645634255
Points:  1
a: [104.00301067383015, 104.01495247689452, 104.07158860083501, 104.01792856403912, 104.0117375889152, 104.0623642075465, 104.02369005760977, 104.03347641775218, 104.01558692561534, 104.0016632408919, 104.04318625564656, 104.00796646522093, 104.06743966820456, 104.01228344251334, 104.01680362387484, 104.0017107589661, 104.04656818737766, 104.02706227187717, 104.01525066785759, 104.00530253292237, 104.00032855896774, 104.01379628229257, 104.05597563726947, 104.03049610424063, 104.0082861921124, 104.0121970167765, 104.03475277481398, 104.00447708627613, 104.04973885057186, 104.0041989062487]
mean: 104.02379400126536
lb: 104.01591423114859  ub: 104.03167377138213
lb: 104.0159142311486  ub: 104.03167377138215
ci_lb: 0.015759540233545977
ci_ub: -0.015759540233545977
Points:  2
a: [126.04543249763667, 126.04863069670209, 126.01652590705112, 126.07119024811605, 126.05720449752532, 126.00091006401342, 126.09595351178542, 126.01743230284589, 126.00599401255946, 126.00217155358479, 126.0194848780706, 126.00834090190412, 126.03001244214443, 126.0001182863293, 126.03516214189371, 126.0351785531907, 126.00756082386792, 126.01650421767432, 126.01486759560517, 126.00055024781696, 126.00231587371961, 126.05169047084684, 126.02324944512993, 126.00645410611332, 126.00061622125905, 126.01172186616576, 126.00355994938519, 126.00724587954751, 126.01526739323823, 126.00355807669004]
mean: 126.02183015541377
lb: 126.01295539384085  ub: 126.03070491698668
lb: 126.01295539384085  ub: 126.03070491698668
ci_lb: 0.017749523145823787
ci_ub: -0.017749523145823787
Points:  3
a: [158.0074240147419, 158.06751654087313, 158.02143101832596, 158.06862595920128, 158.00265505795466, 158.0462044115439, 158.00060934661514, 158.00010382804183, 158.01485063066713, 158.0089284883598, 158.00318989082245, 158.028037312147, 158.00418824168005, 158.00926610816637, 158.0094026401534, 158.0121042562528, 158.00122564683048, 158.05616961368727, 158.05798467217977, 158.0193631026248, 158.05471787531746, 158.00157145971858, 158.0050513092306, 158.00806559724944, 158.0241276426121, 158.0135943208176, 158.06703544423837, 158.0195409597638, 158.00049408912648, 158.0284142142138]
mean: 158.02206312310526
lb: 158.01351799128838  ub: 158.03060825492213
lb: 158.01351799128838  ub: 158.03060825492213
ci_lb: 0.017090263633747327
ci_ub: -0.017090263633747327
Points:  4
a: [204.00664658419697, 204.031660997811, 204.0635622491773, 204.00371606617892, 204.05060412022632, 204.06587047434243, 204.0552048294072, 204.031479790553, 204.03639489981651, 204.0229115646734, 204.0127630853726, 204.0732285645716, 204.00103914614067, 204.01578678273202, 204.0040661098429, 204.010936691484, 204.0029992078969, 204.0049738055749, 204.0223183719962, 204.01544640376207, 204.0506551235312, 204.01645996141178, 204.00718860381025, 204.0028450677748, 204.00155868533395, 204.00279920641051, 204.03437535944903, 204.03687117910306, 204.00795260447072, 204.01693195360116]
mean: 204.0236415830218
lb: 204.01555500723677  ub: 204.03172815880683
lb: 204.01555500723674  ub: 204.0317281588068
ci_lb: 0.016173151570058053
ci_ub: -0.016173151570058053
Points:  5
a: [249.00141352820356, 249.04598260877304, 249.045930564846, 249.00805957509866, 249.0429615748461, 249.03136303060347, 249.0030341110739, 249.00172057360064, 249.01666252554136, 249.00660546916689, 249.00560279556933, 249.01268469701574, 249.0510683090395, 249.03688055479094, 249.0098747788636, 249.04582512546193, 249.04629048626217, 249.02403649173147, 249.0171776344046, 249.0134802658529, 249.0112642452659, 249.00965685252734, 249.0061748890806, 249.04201719483402, 249.01292133694193, 249.00270293244665, 249.04648861295945, 249.03924682336444, 249.05012615047315, 249.0075408741887]
mean: 249.02315982042757
lb: 249.01644185447293  ub: 249.0298777863822
lb: 249.016441854473  ub: 249.02987778638226
ci_lb: 0.013435931909270948
ci_ub: -0.013435931909270948
Points:  6
a: [276.0007560700273, 276.0188775607332, 276.04618682405373, 276.0700242149749, 276.00399634342926, 276.0017693178685, 276.0022621512406, 276.00127297743103, 276.055298497624, 276.05764120349323, 276.0083409660376, 276.0662007849073, 276.00379118175687, 276.0596167441247, 276.03177176416125, 276.01445099389485, 276.0048315726418, 276.012215772488, 276.0245768550766, 276.0002806835001, 276.008166002267, 276.00491488521504, 276.0794692421535, 276.00539894294224, 276.0381864779293, 276.043077296564, 276.0014095004106, 276.0102786814211, 276.02086233474853, 276.0001857407187]
mean: 276.02320371946115
lb: 276.01391240893366  ub: 276.03249502998864
lb: 276.01391240893366  ub: 276.03249502998864
ci_lb: 0.01858262105497488
ci_ub: -0.01858262105497488
Points:  7
a: [308.02126027435713, 308.0548911891326, 308.0109127311587, 308.00633507595836, 308.0154467233774, 308.03839139110806, 308.0213296613384, 308.0357224610975, 308.006098677747, 308.08168738126756, 308.0269684449038, 308.02720743392337, 308.0268984837483, 308.02709474309916, 308.01770974997527, 308.02493131767403, 308.00068121018063, 308.00161876785387, 308.03164789293993, 308.0076640609101, 308.0543431820531, 308.00665639927877, 308.00058148046895, 308.00745392556786, 308.00014952684677, 308.01343067735957, 308.0499494268431, 308.03170524729484, 308.0364841715643, 308.0229449407054]
mean: 308.0236065549911
lb: 308.0164759811798  ub: 308.0307371288024
lb: 308.0164759811798  ub: 308.0307371288024
ci_lb: 0.014261147622619319
ci_ub: -0.014261147622619319
Points:  8
a: [328.0375452334047, 328.0706279847594, 328.07747121945306, 328.05246466670246, 328.0381113669123, 328.0614214993221, 328.0066197411263, 328.0266513282793, 328.04840245463294, 328.00428699588986, 328.0113468951688, 328.0074124139471, 328.0675014054825, 328.068953734375, 328.01238207742506, 328.00343448867375, 328.0058248146328, 328.03012634832146, 328.00150245676883, 328.0053982149759, 328.0104273362997, 328.0274077698955, 328.0040121080078, 328.049266435354, 328.00033212862553, 328.01389028600966, 328.0067956771134, 328.0152624011717, 328.0082930162076, 328.0357491704596]
mean: 328.02696405564654
lb: 328.01780811191145  ub: 328.03611999938164
lb: 328.0178081119114  ub: 328.0361199993816
ci_lb: 0.018311887470190413
ci_ub: -0.018311887470190413
Points:  9
a: [345.02011982907396, 345.0526998890257, 345.0433468668364, 345.004659206649, 345.01436975027036, 345.0370499244409, 345.02535144324753, 345.002186729826, 345.0522456085443, 345.0008551498751, 345.0402135892713, 345.0090758073429, 345.0227605636247, 345.0547897025065, 345.0478890241937, 345.02159407372943, 345.0007649292959, 345.0415632626652, 345.05208941206024, 345.00102664368507, 345.00056626443245, 345.0071950287061, 345.0033096832315, 345.0082297194515, 345.002690008181, 345.0026591894749, 345.0107587678066, 345.0109829080265, 345.0397156338955, 345.00865489620526]
mean: 345.02131378351913
lb: 345.01408556902203  ub: 345.02854199801624
lb: 345.01408556902203  ub: 345.02854199801624
ci_lb: 0.014456428994208181
ci_ub: -0.014456428994208181
