Points:  0
a: [22.04646393344153, 22.03712574970883, 22.07871605326213, 22.038814427997362, 22.05518642069865, 22.00150424761588, 22.027264936581098, 22.004113466534736, 22.000204525291437, 22.020137311345408, 22.002319692570907, 22.01131994832313, 22.08463596389023, 22.01065742768283, 22.01792156155266, 22.007934729127022, 22.021426296692873, 22.020175794556092, 22.043680209418977, 22.007206848226396, 22.001599992587767, 22.01385329262392, 22.010292052273858, 22.015037675086397, 22.005175660950744, 22.031911178866693, 22.065183547380624, 22.006937758894598, 22.006060813189148, 22.0119208988663]
mean: 22.023492747174608
lb: 22.01484209202571  ub: 22.032143402323506
lb: 22.014842092025713  ub: 22.03214340232351
ci_lb: 0.017301310297796135
ci_ub: -0.017301310297796135
Points:  1
a: [26.037646121870257, 26.0050159413299, 26.0039930713256, 26.0423551180166, 26.015968205839023, 26.04329819701433, 26.02274547413061, 26.029428122362752, 26.00556961011252, 26.023029221651374, 26.016253294992584, 26.031224710817913, 26.070414466237278, 26.011669641217303, 26.010577175983464, 26.01365402035673, 26.01738790387093, 26.002490964184396, 26.01558592237727, 26.00311399632044, 26.0629022877401, 26.028569786068562, 26.004557275551836, 26.007471842824096, 26.05703833398625, 26.087079487261125, 26.037944253932753, 26.036114078659793, 26.0775875146525, 26.04035636839807]
mean: 26.028701413636213
lb: 26.01996218057674  ub: 26.037440646695686
lb: 26.019962180576744  ub: 26.03744064669569
ci_lb: 0.01747846611894488
ci_ub: -0.01747846611894488
Points:  2
a: [31.009750677159825, 31.01068138977228, 31.02670427837775, 31.026904518332117, 31.0621532946497, 31.022131441573926, 31.011648413082987, 31.01162543255757, 31.024477198253148, 31.018879668732787, 31.03395053540895, 31.019946716673694, 31.007673943740762, 31.00097813760872, 31.010326804603128, 31.007116471465647, 31.04418902200506, 31.0051368460256, 31.029172324346916, 31.05866011063212, 31.00123445988939, 31.065073438492824, 31.005685439247856, 31.000771534012774, 31.024018176278748, 31.06823900260825, 31.0462783930282, 31.042272359695104, 31.048532817748967, 31.001259832726237]
mean: 31.02484908929103
lb: 31.01708802147016  ub: 31.032610157111904
lb: 31.017088021470155  ub: 31.0326101571119
ci_lb: 0.015522135641745649
ci_ub: -0.015522135641745649
Points:  3
a: [36.02573831858241, 36.04950183841848, 36.00796144995351, 36.05001604884414, 36.04258164131329, 36.01051330398714, 36.02419901605144, 36.074363902644585, 36.01576352770861, 36.07622730480579, 36.01016564861805, 36.08273947492496, 36.0113127324827, 36.0568512086048, 36.01923943366603, 36.00318446088982, 36.03404678064931, 36.04705077661412, 36.01202728899288, 36.0129000670939, 36.01753827977525, 36.00323447936168, 36.00375367467469, 36.05762413502398, 36.09008222250723, 36.016658395251916, 36.045670363787806, 36.014949967273886, 36.06191429323975, 36.00433012903837]
mean: 36.03273800549269
lb: 36.022882263884064  ub: 36.042593747101314
lb: 36.022882263884064  ub: 36.042593747101314
ci_lb: 0.019711483217250247
ci_ub: -0.019711483217250247
Points:  4
a: [45.012879836317126, 45.00275195021142, 45.03442628306833, 45.013030253440554, 45.06598052593606, 45.00794488204239, 45.006293205055535, 45.06312966835401, 45.00977162809114, 45.04467278326755, 45.00163736892032, 45.00418605879889, 45.02895619886718, 45.08817117892281, 45.00492928584137, 45.00299249330946, 45.018094690302995, 45.02300487570538, 45.001544511026054, 45.0000471353126, 45.06464534485761, 45.06532813129042, 45.02529176557924, 45.00873100709673, 45.02140633423274, 45.035928672267694, 45.01536685943599, 45.01021444898667, 45.005767839083724, 45.01384315583072]
mean: 45.02336561238177
lb: 45.01440902009512  ub: 45.03232220466841
lb: 45.01440902009512  ub: 45.03232220466841
ci_lb: 0.017913184573288277
ci_ub: -0.017913184573288277
Points:  5
a: [55.023380245637696, 55.00172535326968, 55.051056863969215, 55.000122995115674, 55.00769913880454, 55.004262512136435, 55.0236792959724, 55.02658759899784, 55.00401280764516, 55.020996286990716, 55.02389772896756, 55.0737957134428, 55.032991413481376, 55.042956660103414, 55.026281606058824, 55.03918243162351, 55.011205480528794, 55.0903403818898, 55.010300662704424, 55.05182514556262, 55.00258941433044, 55.04333328064562, 55.00170816335411, 55.082706738020526, 55.02971336455525, 55.00406394824872, 55.02570225694004, 55.08001528520725, 55.0395127773036, 55.06991233210493]
mean: 55.031518596120435
lb: 55.0215784246948  ub: 55.04145876754607
lb: 55.0215784246948  ub: 55.04145876754607
ci_lb: 0.019880342851266164
ci_ub: -0.019880342851266164
Points:  6
a: [63.04299165335231, 63.002944133814026, 63.05379490648572, 63.01675158902876, 63.00713772225947, 63.02116045521875, 63.004071779740684, 63.00184423534583, 63.03650656114779, 63.00015576021096, 63.00127321376036, 63.00538771480769, 63.003589334735, 63.000065817983774, 63.0332482821805, 63.02541316288341, 63.000776427212955, 63.009391630634475, 63.03654902061613, 63.056674209585935, 63.00813636076572, 63.010461390159676, 63.00546892360714, 63.0029636826095, 63.063424718350035, 63.02359801055822, 63.02103101184136, 63.040211259363836, 63.03084095837817, 63.04139274438318]
mean: 63.02024188903404
lb: 63.01312316705139  ub: 63.02736061101669
lb: 63.013123167051404  ub: 63.027360611016704
ci_lb: 0.01423744396529969
ci_ub: -0.01423744396529969
Points:  7
a: [76.00431345775067, 76.08529487267364, 76.00417068477226, 76.0271618184644, 76.04747174643319, 76.06266339450168, 76.01133881891464, 76.0249123240385, 76.02561988716263, 76.02111365379098, 76.06832564111895, 76.00197011700622, 76.04889889973781, 76.00387425265787, 76.0007604143313, 76.03738444913225, 76.03308351411793, 76.00249918857207, 76.00117822994153, 76.0547384965099, 76.01149656311748, 76.06097345053553, 76.03803212549643, 76.01231848767725, 76.07492976276656, 76.00138191497614, 76.00283216691683, 76.00665908070104, 76.01166049560186, 76.00679068645198]
mean: 76.02646161986232
lb: 76.0169168668185  ub: 76.03600637290613
lb: 76.0169168668185  ub: 76.03600637290613
ci_lb: 0.019089506087624386
ci_ub: -0.019089506087624386
Points:  8
a: [86.00434478912611, 86.04170995300856, 86.0208727028603, 86.01834123069872, 86.00500842932527, 86.02909298862076, 86.04923439338636, 86.0007865802617, 86.00079889972302, 86.06130366614207, 86.03652930536347, 86.00239649913094, 86.03879037910635, 86.00658603636529, 86.00194228318, 86.00535948188143, 86.0551896575075, 86.00285650154797, 86.00030538432314, 86.00736754309862, 86.00658438552654, 86.02225733962605, 86.07543559287387, 86.01087873363008, 86.06773120193665, 86.00834274391745, 86.00206728453065, 86.0478703737597, 86.0271444449863, 86.01371085861854]
mean: 86.02236132213548
lb: 86.01391459965068  ub: 86.03080804462029
lb: 86.01391459965068  ub: 86.03080804462029
ci_lb: 0.016893444969610982
ci_ub: -0.016893444969610982
Points:  9
a: [93.01979213520768, 93.025254471812, 93.02578167472362, 93.01476177120193, 93.07327019211834, 93.00367787229025, 93.0034524818171, 93.01694531259284, 93.03022703171567, 93.00266718601053, 93.00224082912227, 93.05106376707892, 93.00429584782907, 93.02355324873866, 93.01065527207153, 93.00156009326518, 93.07374366325621, 93.00111715022175, 93.0023536569787, 93.02174571227329, 93.00667344348015, 93.00518915159806, 93.00452403071338, 93.00202071960784, 93.05386973926014, 93.046355354608, 93.02854435727428, 93.02584102128138, 93.02986753890293, 93.05061007652861]
mean: 93.02205516011936
lb: 93.01408157228317  ub: 93.03002874795555
lb: 93.01408157228317  ub: 93.03002874795555
ci_lb: 0.015947175672380354
ci_ub: -0.015947175672380354
