Points:  0
a: [15.02250240520637, 15.005289086763462, 15.016273726934704, 15.026861143741156, 15.005221836298327, 15.013730451794169, 15.03681201414427, 15.024997226072271, 15.011434269941947, 15.017607868315014, 15.003507825444009, 15.040802026463906, 15.037563846622728, 15.014213824586946, 15.03292314225426, 15.006435551434333, 15.015313990863039, 15.039833138427156, 15.00151385656271, 15.002587206535454, 15.021592395082184, 15.061510825270139, 15.014929601951666, 15.007490206903546, 15.015213762526168, 15.00709153824881, 15.02549280181994, 15.000654086864268, 15.043916913865074, 15.052269023538424]
mean: 15.020852853149215
lb: 15.01485613110333  ub: 15.026849575195099
lb: 15.01485613110333  ub: 15.026849575195099
ci_lb: 0.011993444091768168
ci_ub: -0.011993444091768168
Points:  1
a: [20.000353456883534, 20.013355315312843, 20.0119377914067, 20.042701864583393, 20.00790487060504, 20.020429084778627, 20.009533805226003, 20.043646654587594, 20.044113786567138, 20.002757296014654, 20.00146621898128, 20.06082200189782, 20.011177688768253, 20.002788320073186, 20.015449143683572, 20.01416879252513, 20.043506671219696, 20.016411926756717, 20.04253658356443, 20.028471280162766, 20.02110680187902, 20.019990490895303, 20.018545575646804, 20.024050041637118, 20.00763490857223, 20.051834335843488, 20.00589957453337, 20.00119731070022, 20.017837001403578, 20.018252000769206]
mean: 20.02066268651596
lb: 20.01445250146562  ub: 20.026872871566297
lb: 20.014452501465616  ub: 20.026872871566294
ci_lb: 0.012420370100677758
ci_ub: -0.012420370100677758
Points:  2
a: [25.04162864972743, 25.01179132191317, 25.02505199664493, 25.01933005723475, 25.023257821916772, 25.01989633266682, 25.012335185742618, 25.009421636697745, 25.010574566711362, 25.001039208470225, 25.002868217221074, 25.036502191998327, 25.012247036627894, 25.00760486266096, 25.021796314222442, 25.014757257203247, 25.067770448624564, 25.000420888736443, 25.01850491462197, 25.007026111207562, 25.013269640889657, 25.03936778627224, 25.000019317473495, 25.002590334677645, 25.05542635634842, 25.02663328381936, 25.029768942723983, 25.001865731630843, 25.05469723340133, 25.051272157859522]
mean: 25.021291193531564
lb: 25.014421707431705  ub: 25.028160679631423
lb: 25.014421707431705  ub: 25.028160679631423
ci_lb: 0.013738972199718091
ci_ub: -0.013738972199718091
Points:  3
a: [30.01936576718685, 30.044108454529876, 30.00171410982443, 30.003218383122928, 30.00701459471629, 30.000112406830567, 30.021121404744502, 30.01860205133527, 30.014320835211755, 30.008654143320665, 30.006162519663068, 30.029473640093297, 30.008407524997878, 30.009723167915695, 30.035188059503547, 30.00409627500977, 30.011832307611375, 30.03357941680175, 30.00611862626785, 30.047686253283707, 30.019045787828574, 30.0481818998163, 30.00168869005828, 30.03344797759574, 30.036163303418075, 30.024170524521146, 30.003757612807732, 30.047126209290866, 30.074054894093344, 30.035965014132806]
mean: 30.021803395184467
lb: 30.014935630495046  ub: 30.028671159873888
lb: 30.014935630495046  ub: 30.028671159873888
ci_lb: 0.013735529378841704
ci_ub: -0.013735529378841704
Points:  4
a: [35.010417650963554, 35.001520242863606, 35.03582283105164, 35.03881603119237, 35.0194812085464, 35.0086198560673, 35.012793719235106, 35.00636157539147, 35.03176400400781, 35.042287590174965, 35.05786435973299, 35.007342824905756, 35.04504965775081, 35.005854936938896, 35.053112115491544, 35.06911388166093, 35.05181456461957, 35.01113015524073, 35.00988303141978, 35.03405321253754, 35.050727401675125, 35.01353465993178, 35.07511225695513, 35.03762302985772, 35.010701114848466, 35.00652539056844, 35.02549463168867, 35.02177609034039, 35.0081121131764, 35.00811623341978]
mean: 35.02702754574182
lb: 35.01918339187687  ub: 35.03487169960676
lb: 35.01918339187687  ub: 35.03487169960676
ci_lb: 0.015688307729888606
ci_ub: -0.015688307729888606
Points:  5
a: [38.01199321288865, 38.0001390182447, 38.02415330401891, 38.03257225512642, 38.00446858879174, 38.01287520890337, 38.003291965850686, 38.0000075329404, 38.06650358936442, 38.045740475195, 38.02655245644866, 38.01472744471474, 38.03017626451277, 38.01648163322308, 38.00751204228417, 38.03884397173153, 38.003263076463064, 38.00943934076606, 38.05703777280795, 38.00523244410922, 38.065175430436774, 38.079552860525986, 38.000527798148255, 38.01449658702206, 38.01695547481592, 38.005459681563416, 38.00759226532174, 38.0147206284179, 38.03686703120847, 38.00098947886335]
mean: 38.02177829449032
lb: 38.01355649119674  ub: 38.0300000977839
lb: 38.01355649119674  ub: 38.0300000977839
ci_lb: 0.01644360658715982
ci_ub: -0.01644360658715982
Points:  6
a: [43.01024555739895, 43.011375071406604, 43.01821226197213, 43.04180547849988, 43.00835239435256, 43.007186367128284, 43.023833137682296, 43.03426684990059, 43.069247667215805, 43.03408869180184, 43.00438430950903, 43.01484060344032, 43.03919643796053, 43.07511682833775, 43.00162622477717, 43.04455624482576, 43.000218902376204, 43.03364700158333, 43.00005035470191, 43.04297985312745, 43.01017407683525, 43.02420589039135, 43.010869236217545, 43.02647209121443, 43.051032526019156, 43.008168111111964, 43.0402714724521, 43.016014601424146, 43.03871110077657, 43.04110503313217]
mean: 43.026075145919094
lb: 43.01868182283257  ub: 43.03346846900562
lb: 43.01868182283257  ub: 43.03346846900562
ci_lb: 0.014786646173050144
ci_ub: -0.014786646173050144
Points:  7
a: [48.0206048991222, 48.07515936548905, 48.00635671116048, 48.01900733831461, 48.02762775022073, 48.07897588642854, 48.026687067043866, 48.069021521475484, 48.05602065482427, 48.001539611630044, 48.03635861251985, 48.00303423546084, 48.04513040433522, 48.02916120294926, 48.01415256187184, 48.00268293054331, 48.079032893412034, 48.07379689757786, 48.02897769394319, 48.01344485259071, 48.07426789211157, 48.00161650548495, 48.01018628793066, 48.01200313537242, 48.0104002349276, 48.087500098034134, 48.009599019688515, 48.01871379966758, 48.00268888726048, 48.01208883527216]
mean: 48.03152792622211
lb: 48.020889983974946  ub: 48.042165868469276
lb: 48.020889983974946  ub: 48.042165868469276
ci_lb: 0.02127588449432949
ci_ub: -0.02127588449432949
Points:  8
a: [52.04438478342347, 52.02244018566286, 52.00256433159545, 52.00645819617322, 52.00777821933622, 52.0105544831289, 52.03901002811831, 52.023158864198805, 52.044658759629456, 52.00024307944797, 52.07130679033387, 52.02421842395601, 52.00726281489316, 52.07778375269158, 52.023149795628605, 52.00737969832478, 52.04129184040447, 52.01560773869691, 52.05046304337113, 52.000419152178445, 52.042189479581126, 52.01954535969674, 52.003435498770415, 52.01966091173252, 52.06680840250557, 52.04010712231108, 52.01202103596023, 52.028992920772545, 52.06537448482504, 52.01932481210998]
mean: 52.027919800315296
lb: 52.019574376014965  ub: 52.036265224615626
lb: 52.019574376014965  ub: 52.036265224615626
ci_lb: 0.0166908486006605
ci_ub: -0.0166908486006605
Points:  9
a: [55.00005532083604, 55.01368727567017, 55.049064442242525, 55.003489952839246, 55.00241759267291, 55.046610266357234, 55.0264566396125, 55.08371807963954, 55.00389759328071, 55.064940080471125, 55.01095107673298, 55.001825112876595, 55.00116086939658, 55.013147418179294, 55.00017799227255, 55.04861149628005, 55.00671007332472, 55.08441441651494, 55.03029634525883, 55.01106312574353, 55.016494192535404, 55.07605116633704, 55.01577802167991, 55.03239614052828, 55.08425144122706, 55.01163419001054, 55.021774533506075, 55.00618836929887, 55.02657906224212, 55.03236745546753]
mean: 55.02754032476782
lb: 55.01732633189827  ub: 55.03775431763737
lb: 55.01732633189827  ub: 55.03775431763737
ci_lb: 0.020427985739104315
ci_ub: -0.020427985739104315
