Points:  0
a: [0.1346582687260997, 0.13116848812641646, 0.1331024635049678, 0.1331914328716715, 0.13059607831567926, 0.13034648970228643, 0.12927064725405316, 0.13541519866526386, 0.13080048793804153, 0.12990642267332847, 0.12960250349929486, 0.12993656674706527, 0.1294572650522899, 0.13364007218812718, 0.1326231980875804, 0.1309371103971472, 0.12941698335896745, 0.13309752231351576, 0.1299479266726794, 0.12925064699070354, 0.13374483583167068, 0.13319668667794507, 0.1296554379034133, 0.13227425061870327, 0.13194656293257273, 0.13000344287522916, 0.12950903381544313, 0.12989286193310765, 0.13324111131871053, 0.1320318554571121]
mean: 0.13139539508163622
lb: 0.1307173667557142  ub: 0.13207342340755826
lb: 0.1307173667557142  ub: 0.13207342340755826
ci_lb: 0.001356056651844073
ci_ub: -0.001356056651844073
Points:  1
a: [0.14710014871052424, 0.14686708650070243, 0.1476950829337384, 0.14634299086451255, 0.14647109000894748, 0.14663732220675843, 0.15190376722989732, 0.1475704570119965, 0.14824848704003785, 0.1469131488106408, 0.14961094859139956, 0.14734363859973926, 0.14725882552836045, 0.152621913337733, 0.1495512627129187, 0.1466356846993994, 0.15028827125623767, 0.1462632244576699, 0.14566660881417082, 0.15194304270963577, 0.1483518522070094, 0.14640739822955565, 0.14592568279179272, 0.14676832505194756, 0.14775567643941753, 0.1466580014381612, 0.14770029289118522, 0.14855629854406127, 0.14730248584094388, 0.15101350475770822]
mean: 0.14797908400722679
lb: 0.1472701281794397  ub: 0.14868803983501386
lb: 0.14727012817943969  ub: 0.14868803983501383
ci_lb: 0.0014179116555741444
ci_ub: -0.0014179116555741444
Points:  2
a: [0.156460087950731, 0.15764851082785145, 0.15548090366744177, 0.15670165572462266, 0.15547021652835566, 0.15708778884106292, 0.1596809908249135, 0.15567088181118213, 0.15697315451011362, 0.15905537106203102, 0.15561382094585077, 0.15635818493362166, 0.15587422554398755, 0.15666584278615336, 0.1588007873501613, 0.16112407269882395, 0.15570576091960003, 0.1592225446660362, 0.15543670368536214, 0.15674018858858568, 0.15778299280122, 0.15870550775128983, 0.1561594850853429, 0.15778189564859257, 0.15851195057660236, 0.15654422993246445, 0.15742406346462773, 0.1563961950887365, 0.15564601475356332, 0.15844304023911956]
mean: 0.15717223564026825
lb: 0.15662349063825437  ub: 0.15772098064228213
lb: 0.15662349063825437  ub: 0.15772098064228213
ci_lb: 0.0010974900040277569
ci_ub: -0.0010974900040277569
Points:  3
a: [0.1587994569911424, 0.1559985321523694, 0.1630161469348139, 0.15832073567499264, 0.15560273733804708, 0.15573628898399708, 0.1584025259318312, 0.15794667123032186, 0.16045280941069162, 0.15822617027386934, 0.15586845747397557, 0.15617503244641295, 0.1566739149868311, 0.15591844863998447, 0.15595718775409875, 0.15814230873099233, 0.16164999061931862, 0.1588409515193025, 0.15577466832337997, 0.1594872652927472, 0.1565717383141211, 0.15672982923751486, 0.158991184431019, 0.15662663984461253, 0.1557003117377932, 0.1556913332820318, 0.15564617141930603, 0.15552716057313845, 0.1588961976538624, 0.15931056958502918]
mean: 0.1575560478929183
lb: 0.15682298093549465  ub: 0.15828911485034194
lb: 0.15682298093549463  ub: 0.15828911485034192
ci_lb: 0.0014661339148472896
ci_ub: -0.0014661339148472896
Points:  4
a: [0.16724694041871133, 0.16693036085876672, 0.1660149612172828, 0.1665190374323843, 0.1662212374117659, 0.16750630815955522, 0.16961659599682694, 0.16772732029642384, 0.1656225008624624, 0.16583847235888582, 0.16693963930711372, 0.17016763204075436, 0.1690578598376414, 0.16896545430586918, 0.1677514020780065, 0.1657042515532148, 0.16860877564885743, 0.16707964347167042, 0.17044812043976787, 0.16845307652754207, 0.16590685974329913, 0.16945201463105114, 0.17123478810050405, 0.16995817131483132, 0.16826104216211477, 0.16780699654674242, 0.16618847320995062, 0.16645727142224478, 0.1701672444653002, 0.1686344271369296]
mean: 0.16788289596521574
lb: 0.16727788648102834  ub: 0.16848790544940315
lb: 0.16727788648102834  ub: 0.16848790544940315
ci_lb: 0.0012100189683748042
ci_ub: -0.0012100189683748042
Points:  5
a: [0.16846405121298993, 0.17513151694050075, 0.17443198236856927, 0.16965806349967774, 0.17225758240977607, 0.17082652215012822, 0.16970243481223538, 0.17076186532246115, 0.17084376270060755, 0.17399058072359316, 0.17295456127489273, 0.17304625151465317, 0.16832925493054582, 0.1687581243121627, 0.16925703688634647, 0.169122990600751, 0.17295269056670257, 0.16830418034419697, 0.16858641004352917, 0.16831731315357693, 0.17060075800656577, 0.172370304102184, 0.17141822725694955, 0.17406078354989987, 0.17260330672944038, 0.172525453427122, 0.1718508159942004, 0.17107995907742785, 0.17253474029928922, 0.16976654207427203]
mean: 0.17115026887617493
lb: 0.17038867444939404  ub: 0.17191186330295583
lb: 0.170388674449394  ub: 0.1719118633029558
ci_lb: 0.0015231888535617855
ci_ub: -0.0015231888535617855
Points:  6
a: [0.17776669914351131, 0.17150616907758293, 0.17082434080384692, 0.17223125781838988, 0.17069699679729786, 0.17208635032459368, 0.17726663055913175, 0.17036563362720997, 0.1752799325069043, 0.1703883104998983, 0.17234188208432674, 0.17117902908063426, 0.1711493978206057, 0.170992554245759, 0.1763022424020898, 0.17446355272581365, 0.17286067337753205, 0.171749241172811, 0.1708948613153284, 0.17619633815563787, 0.17321383081478417, 0.1722894267928417, 0.17134095002626573, 0.1714066931745986, 0.17513519201068845, 0.1753439027863116, 0.1708688769677291, 0.17056457481086357, 0.1706609821709683, 0.17188295429370548]
mean: 0.17264164924625539
lb: 0.17181161012754276  ub: 0.173471688364968
lb: 0.17181161012754279  ub: 0.17347168836496804
ci_lb: 0.0016600782374252554
ci_ub: -0.0016600782374252554
Points:  7
a: [0.17084932403765396, 0.1740573717207234, 0.1709023201713414, 0.17160801124286465, 0.17419958490265292, 0.17604039910054417, 0.17067424230817638, 0.17356425416620241, 0.17159635329865616, 0.1715436867898543, 0.1766295784241181, 0.17073296630596344, 0.17820592407637004, 0.17397283655123438, 0.17067150813722268, 0.17066187468696095, 0.17363616118167444, 0.1728633713771258, 0.171067686286184, 0.17241609878683511, 0.175403608767474, 0.17125929980960236, 0.17224582979205108, 0.17514928359041024, 0.1741169525233883, 0.17271088437369628, 0.17795873373170726, 0.17303763593365895, 0.173465990532339, 0.17359866052981188]
mean: 0.1731613477712166
lb: 0.17235855332967379  ub: 0.17396414221275944
lb: 0.17235855332967384  ub: 0.1739641422127595
ci_lb: 0.0016055888830856513
ci_ub: -0.0016055888830856513
Points:  8
a: [0.1808652001803956, 0.17938332523560785, 0.1834070903443626, 0.18018946281554976, 0.18055084310296812, 0.1826514220711729, 0.1806474133060956, 0.18524708610099047, 0.17965128378945647, 0.18378039380666453, 0.1798421310325249, 0.1793867408428886, 0.18097344409953064, 0.18382252723466325, 0.18021857327604707, 0.1827865877096982, 0.17990342865121572, 0.18137608731893465, 0.17918998206187361, 0.18566965973208305, 0.18014459524027604, 0.17975242373108236, 0.1882681385335554, 0.18511883141658278, 0.17910007616969098, 0.17913776456889724, 0.18390509003950048, 0.18478505911084617, 0.18005368734787122, 0.18393763102414434]
mean: 0.18179153266317233
lb: 0.18087552682520747  ub: 0.1827075385011372
lb: 0.18087552682520747  ub: 0.1827075385011372
ci_lb: 0.0018320116759297234
ci_ub: -0.0018320116759297234
Points:  9
a: [0.18633005033255856, 0.18415579700819554, 0.18377513112430444, 0.18373748093904607, 0.18613919565758938, 0.18885330990232052, 0.18391833163075053, 0.18381934402285638, 0.18458521875720896, 0.183746963836552, 0.18374394991809015, 0.1866575400967247, 0.1840371793552498, 0.18362452680324065, 0.18863904249350258, 0.18782513335650294, 0.18813034379362703, 0.1841983254461258, 0.18427812485861858, 0.18490341289606327, 0.18955023827463588, 0.18571483564338112, 0.18387349383471316, 0.18433205972341982, 0.18507814548917537, 0.18477904169660553, 0.1837647008695956, 0.18512633531351758, 0.1835255463770408, 0.1837774378483573]
mean: 0.18515400790998568
lb: 0.1844858485240752  ub: 0.18582216729589615
lb: 0.1844858485240752  ub: 0.18582216729589615
ci_lb: 0.0013363187718209435
ci_ub: -0.0013363187718209435
