Points:  0
a: [0.15920370002258574, 0.15954475872985854, 0.16185996823154306, 0.15992189140382737, 0.1625965425667532, 0.1609771492459129, 0.16087259585890498, 0.16168728661066328, 0.1597126351332099, 0.16845849802565943, 0.1634122333627594, 0.15978596794486935, 0.16382749689083867, 0.16100225816575195, 0.1593805791093955, 0.16110590324304674, 0.1612433569719708, 0.16290077777824158, 0.16369603907408448, 0.16108529657638446, 0.16116402095269836, 0.1595176117631913, 0.15937369457221215, 0.16023955213116728, 0.1620536421419067, 0.15947369728895094, 0.16139889387486564, 0.162805119618297, 0.16454393056667108, 0.15947263240163767]
mean: 0.16141059100859537
lb: 0.16065552008006082  ub: 0.16216566193712992
lb: 0.1606555200800608  ub: 0.1621656619371299
ci_lb: 0.0015101418570691028
ci_ub: -0.0015101418570691028
Points:  1
a: [0.17547576728392922, 0.1754720568767239, 0.18016767530354716, 0.17615384754467742, 0.17444664458390555, 0.17553761955042996, 0.17423668060751618, 0.1740080955827101, 0.18263504960077226, 0.17591712516876365, 0.1736654021234938, 0.1792510493556942, 0.17519781586974856, 0.17474968254950463, 0.1742257427557899, 0.17558964471165592, 0.17363695268434065, 0.175571374477222, 0.17416609169254715, 0.1747436732927475, 0.17360713154072946, 0.17718094241922952, 0.1748131388462469, 0.1821193177974156, 0.174363209333168, 0.17360374905555379, 0.17747514779187287, 0.17366424946980238, 0.1742263704269468, 0.1797883455896679]
mean: 0.1758563197962118
lb: 0.17491872051479265  ub: 0.17679391907763095
lb: 0.17491872051479262  ub: 0.17679391907763092
ci_lb: 0.0018751985628382983
ci_ub: -0.0018751985628382983
Points:  2
a: [0.190558282246992, 0.19537842016707183, 0.1903411956284659, 0.1904932969993868, 0.1922622964642677, 0.19079636108261958, 0.1946112971771986, 0.19340665446503935, 0.1913399352083062, 0.19176715954501672, 0.1945285516443728, 0.19581443597024129, 0.1911955666053663, 0.19038612140797315, 0.19574045360209857, 0.19112200888608077, 0.19551363417110743, 0.19302160882484418, 0.1934733312315771, 0.19079309946896553, 0.19175761651935172, 0.19127352589266947, 0.19078207365332472, 0.19086887108597358, 0.19264198951325676, 0.19049704661136876, 0.19500044212096837, 0.19120580833405235, 0.19054132997484768, 0.19370133812804025]
mean: 0.1923604584210282
lb: 0.19165991784946665  ub: 0.19306099899258974
lb: 0.19165991784946665  ub: 0.19306099899258974
ci_lb: 0.0014010811431230952
ci_ub: -0.0014010811431230952
Points:  3
a: [0.20232690457334665, 0.20525543306627428, 0.20030427562428113, 0.19995616944695813, 0.20532577233422158, 0.20086185033941337, 0.20241988765202473, 0.20036792002419393, 0.20090806237177244, 0.2033538411038714, 0.20451344218269973, 0.19973067710905082, 0.19995088406665504, 0.20167700683815454, 0.19986405033462112, 0.200006258960773, 0.2009250557631897, 0.20125452224058796, 0.20046586315148127, 0.20510779040208355, 0.20071541969529652, 0.20089129744667505, 0.2029303468777419, 0.20142564828358325, 0.1997183862057691, 0.20115070772000118, 0.20008611957027933, 0.19986975104314056, 0.1998714991091679, 0.20162024054333516]
mean: 0.20142850280268815
lb: 0.2007814141151898  ub: 0.2020755914901865
lb: 0.20078141411518985  ub: 0.20207559149018656
ci_lb: 0.0012941773749967078
ci_ub: -0.0012941773749967078
Points:  4
a: [0.21019786057028989, 0.21104409099897697, 0.2095523217608056, 0.21431415431211717, 0.21072417876766752, 0.20979704314632683, 0.21215054680579684, 0.2096662102198237, 0.21035465128414135, 0.2133388183821008, 0.21557923833544526, 0.21588916868382038, 0.2095196941829306, 0.21470244490684626, 0.21214301227851398, 0.20961488285228774, 0.215735954300191, 0.21183450561453454, 0.21010662562681312, 0.2102125809274764, 0.21060656351892076, 0.21210712293704104, 0.20969044208904156, 0.21275937501266537, 0.21051751687533696, 0.2164389797748625, 0.21237230622626949, 0.21139913740919655, 0.20978799891774416, 0.21211645360211176]
mean: 0.21180912934400317
lb: 0.21100675613997763  ub: 0.2126115025480287
lb: 0.2110067561399776  ub: 0.21261150254802869
ci_lb: 0.0016047464080510832
ci_ub: -0.0016047464080510832
Points:  5
a: [0.22993473303702328, 0.2295758789406686, 0.23474369943478618, 0.22867586600412243, 0.2305038554333413, 0.22941601656018354, 0.22938701767334918, 0.22835904761018458, 0.23042506254691356, 0.23644230304925926, 0.22864753578935765, 0.22851145559962643, 0.22852853828049208, 0.2288477735450335, 0.22994484210669094, 0.23223547108319206, 0.23379918470564479, 0.23178913047673091, 0.23066826746297672, 0.2289808370115078, 0.22973090811928057, 0.23140031956729257, 0.22878957072810577, 0.2296310372232104, 0.23114878435814137, 0.23393598488047598, 0.2284207193315855, 0.23311719608019724, 0.23052815946455962, 0.23178472320776453]
mean: 0.2305967973103899
lb: 0.2298157403430593  ub: 0.2313778542777205
lb: 0.2298157403430593  ub: 0.2313778542777205
ci_lb: 0.0015621139346612134
ci_ub: -0.0015621139346612134
Points:  6
a: [0.25720422697896095, 0.2518488965251209, 0.2509937807971795, 0.2579835629180686, 0.2559066507336823, 0.2571851369061467, 0.25324085489582626, 0.25268615616344564, 0.25337095198357773, 0.2561555608467448, 0.25085203570738157, 0.253740734670368, 0.2513953973690367, 0.2580282236371769, 0.2521644188077134, 0.2543468653697448, 0.252776662548341, 0.254711394855233, 0.256443564030629, 0.25131968863105086, 0.25104149383201385, 0.25081304265061083, 0.25800407701571265, 0.2524624506924609, 0.2553675203450875, 0.250886775123053, 0.2513685035426936, 0.25215696957100847, 0.2510127194016831, 0.25170448446735444]
mean: 0.2535724267005703
lb: 0.2526409507251473  ub: 0.25450390267599327
lb: 0.2526409507251473  ub: 0.25450390267599327
ci_lb: 0.001862951950845959
ci_ub: -0.001862951950845959
Points:  7
a: [0.2876685293042156, 0.28803140543690325, 0.28600062119911485, 0.290875930866419, 0.2837905242098322, 0.28824514506727744, 0.2876367033864742, 0.28445645084928733, 0.2861387382519851, 0.2856870453243579, 0.2837288338032887, 0.2841509792749591, 0.28430085373021996, 0.2848000520919735, 0.28463242757319274, 0.28469326899681907, 0.2858236493428714, 0.286525339018577, 0.2877483749422327, 0.2862511827249073, 0.28528977498743485, 0.2895269741484752, 0.2839201910091071, 0.28406112135397116, 0.28529220403719446, 0.292791583501129, 0.2838401743527141, 0.28433813754597675, 0.2884983975377365, 0.28433830536286814]
mean: 0.2861027639743839
lb: 0.2852550484683314  ub: 0.2869504794804364
lb: 0.28525504846833133  ub: 0.28695047948043634
ci_lb: 0.0016954310121050087
ci_ub: -0.0016954310121050087
Points:  8
a: [0.31638110595766683, 0.30926237444111654, 0.308004654993833, 0.3098856428508418, 0.31059249639751924, 0.30835571207273493, 0.30796396623852523, 0.308533452830387, 0.3095503940161516, 0.31494346277098706, 0.30814112840296554, 0.3140532382971771, 0.3155996079275215, 0.30824042549374203, 0.3099338194258188, 0.30871846972656575, 0.3143546211913719, 0.3101863433816051, 0.31358134622071115, 0.3078520017221933, 0.30771138577617463, 0.30860459791483885, 0.3090624274647669, 0.31050703971480764, 0.3082515052499695, 0.30806699688292477, 0.31009765507705866, 0.3088393617834171, 0.3091002022662843, 0.31199720496204536]
mean: 0.31021242138172406
lb: 0.309252662429846  ub: 0.3111721803336021
lb: 0.309252662429846  ub: 0.3111721803336021
ci_lb: 0.0019195179037561072
ci_ub: -0.0019195179037561072
Points:  9
a: [0.3250821478309637, 0.32206534330163084, 0.32319237454471517, 0.3247389942931309, 0.32202865396484115, 0.3252104657032892, 0.3222101017759377, 0.3233739147789899, 0.32155039691745646, 0.32223700374407016, 0.32154666164317136, 0.3221273930860907, 0.3224849882634727, 0.321746870787241, 0.32189690606487864, 0.32204959627179963, 0.3215176411988012, 0.321704552468602, 0.3216413507367429, 0.32583333643027634, 0.32176583840182577, 0.32171133010977054, 0.32308076269347535, 0.32150385402247195, 0.3226626080267912, 0.3215122464784151, 0.3229278603529302, 0.32322398899872945, 0.3217498188808956, 0.3239327634213559]
mean: 0.3226103255064254
lb: 0.3221513475778512  ub: 0.32306930343499957
lb: 0.32215134757785124  ub: 0.3230693034349996
ci_lb: 0.0009179558571483781
ci_ub: -0.0009179558571483781
