Points:  0
a: [0.21431401077433085, 0.2143198899879228, 0.20993116248843258, 0.2128752257957348, 0.21042685888839757, 0.2092415981731459, 0.21180115828979174, 0.20922302215136912, 0.21470660980071177, 0.20933506968112614, 0.20929812797387265, 0.20985989684741777, 0.20922180905147147, 0.20929226814364302, 0.21733872003381768, 0.20938968864102755, 0.2092593811150744, 0.21093077054997397, 0.20958779014664292, 0.21010748470526266, 0.21466231180064832, 0.21761301030398653, 0.2120836723500282, 0.211831780551199, 0.2139541182327138, 0.2109510118856203, 0.21077510470819785, 0.2093755685766831, 0.20949895899547966, 0.21608219290957373]
mean: 0.21157627578510987
lb: 0.21060103502080824  ub: 0.2125515165494115
lb: 0.21060103502080824  ub: 0.2125515165494115
ci_lb: 0.0019504815286032762
ci_ub: -0.0019504815286032762
Points:  1
a: [0.22466861462118462, 0.2257711271485584, 0.22654952563161884, 0.22510845112600963, 0.2254099489094748, 0.2259895472180747, 0.22593512512187727, 0.22442290759126174, 0.2281090380177822, 0.22731069671785856, 0.22363104685742072, 0.22843332560174492, 0.22605627544358214, 0.22409497024315017, 0.22432417036448402, 0.22671796998613267, 0.2242628314521667, 0.22386323018625812, 0.22458745639879138, 0.2257530978406175, 0.22678918407964352, 0.22399634955301348, 0.22533722732994943, 0.22634642766363308, 0.22385177233501247, 0.22813684749091664, 0.22461945417876744, 0.22840297802815712, 0.22507582425841285, 0.2236632385581061]
mean: 0.2255739553317887
lb: 0.22502365994956064  ub: 0.22612425071401676
lb: 0.2250236599495606  ub: 0.22612425071401673
ci_lb: 0.001100590764456122
ci_ub: -0.001100590764456122
Points:  2
a: [0.26834352358807834, 0.2718178631461467, 0.26849674713970517, 0.2692883035598194, 0.2702362548575698, 0.2683813714484072, 0.26988689384550935, 0.2699247780396861, 0.2732974432206019, 0.2728503745501397, 0.2691422968725338, 0.2713416250773067, 0.27455017687414196, 0.26855115479050407, 0.2704940455597949, 0.26875693358704417, 0.2727851824835047, 0.26879476477973857, 0.27131215754087673, 0.2684978674357703, 0.2754774108154281, 0.26972325234452227, 0.27004766789690476, 0.2686901951656084, 0.26917122101767826, 0.27133201240560945, 0.27532504115662226, 0.27009909834553086, 0.2699369394060366, 0.2686426069875959]
mean: 0.2705065067979472
lb: 0.269723254249341  ub: 0.27128975934655336
lb: 0.269723254249341  ub: 0.27128975934655336
ci_lb: 0.001566505097212345
ci_ub: -0.001566505097212345
Points:  3
a: [0.29363410141011226, 0.2958825283943795, 0.2954637571850885, 0.2986320519337463, 0.2955121977719439, 0.29503288652345383, 0.2995544030303596, 0.2938271066041706, 0.29447397854882246, 0.2955064479059807, 0.294282725042714, 0.295106066669578, 0.2972415254524645, 0.29569780404975105, 0.2981424528639075, 0.2943977189002127, 0.29374807400279873, 0.29505225184334233, 0.29398368742462355, 0.29389101144654567, 0.2953269144616179, 0.29391138065570493, 0.2935611179770646, 0.30196033430365776, 0.2976271681975608, 0.29354555422638007, 0.2953984373181481, 0.2963647800063878, 0.2947418262345801, 0.29742466087498937]
mean: 0.2956308317086696
lb: 0.29488424958226744  ub: 0.29637741383507177
lb: 0.29488424958226744  ub: 0.29637741383507177
ci_lb: 0.0014931642528043243
ci_ub: -0.0014931642528043243
Points:  4
a: [0.3124305924759708, 0.3145047381250794, 0.30978131408100257, 0.3111053551094106, 0.3156343358709461, 0.31055465157433965, 0.3178146307219028, 0.3104477528135706, 0.3113277304175139, 0.31170956962564356, 0.3104218157291829, 0.3116143282846011, 0.3104397006919049, 0.31042529787711187, 0.3096865616282885, 0.31304719680992055, 0.31072188405293405, 0.3106704030784973, 0.3109189891869377, 0.3105014545722706, 0.31011528237339137, 0.3102654611592328, 0.31064812341447423, 0.3109619252267422, 0.3105446389310616, 0.3097802236535528, 0.31106286804919187, 0.30976598977420666, 0.31307003386022286, 0.31197691417351736]
mean: 0.3113983254447541
lb: 0.31071288260411045  ub: 0.31208376828539774
lb: 0.31071288260411045  ub: 0.31208376828539774
ci_lb: 0.0013708856812872927
ci_ub: -0.0013708856812872927
Points:  5
a: [0.3210730811053931, 0.3188376293535362, 0.323175366003331, 0.31851246303190106, 0.3189933829015546, 0.3247915681142711, 0.3190475436775584, 0.31938773081978405, 0.3194019766414361, 0.3209287624938487, 0.31983156377048055, 0.3204259860867932, 0.31883896702107556, 0.31895418790540103, 0.3185198726390828, 0.32476889016847316, 0.3199105717000141, 0.3184270360173851, 0.3188194034804772, 0.3191483186008136, 0.3254907602292073, 0.32002331009973806, 0.3196004973190695, 0.3216546810693878, 0.31906172230240276, 0.32179282598923875, 0.3234726568170341, 0.31863573813707163, 0.32016380924164706, 0.31895629868754044]
mean: 0.32035488671416495
lb: 0.3195894479415832  ub: 0.3211203254867467
lb: 0.31958944794158317  ub: 0.3211203254867466
ci_lb: 0.001530877545163456
ci_ub: -0.001530877545163456
Points:  6
a: [0.33107903531759214, 0.3328166014048785, 0.3361559241631507, 0.33786391716540615, 0.3310311913126984, 0.3314072646251069, 0.3335374466666549, 0.3371375963626961, 0.33277763562195734, 0.3333499158242522, 0.33186925852625704, 0.3330846711440667, 0.3309155727020627, 0.3313570145330188, 0.33281482435501436, 0.3347300496582834, 0.3367398816116444, 0.3311652134718696, 0.3337321339899287, 0.3319064203098037, 0.3364791602527777, 0.33244946187923174, 0.3313526173215731, 0.3328258513522291, 0.33081591322801673, 0.3319485874544173, 0.33565517364050185, 0.3343994725020739, 0.3335854770358447, 0.3312742301217568]
mean: 0.3332085837851589
lb: 0.3324369811191243  ub: 0.3339801864511935
lb: 0.33243698111912434  ub: 0.33398018645119354
ci_lb: 0.0015432053320691974
ci_ub: -0.0015432053320691974
Points:  7
a: [0.3559084639614584, 0.3534574521806458, 0.3541749867170889, 0.36011865040779434, 0.35426923657693693, 0.35917955631117127, 0.3560027746348917, 0.35612017274493074, 0.35341035731370546, 0.35341798334573027, 0.3548274331837304, 0.35796059185186685, 0.3533077801114969, 0.35393942432682635, 0.354014570757678, 0.35331433601386664, 0.3534118144587877, 0.3534116902416555, 0.3558678947535316, 0.35320846124543837, 0.3599128839260717, 0.3543624524853006, 0.35888559325422936, 0.35644234651483997, 0.3561075849712084, 0.35714243965839054, 0.3534307752497442, 0.35357024674137444, 0.3577507430267681, 0.3542974520650968]
mean: 0.35537420496774197
lb: 0.35456294032214025  ub: 0.3561854696133437
lb: 0.35456294032214025  ub: 0.3561854696133437
ci_lb: 0.001622529291203434
ci_ub: -0.001622529291203434
Points:  8
a: [0.3719111799044177, 0.3698492892664043, 0.3695024608565002, 0.3680453215089092, 0.3721164193917925, 0.3711282911869185, 0.3682651220661913, 0.3744072926934446, 0.3697373153367543, 0.3684437005429532, 0.3677058984713631, 0.3707632663248375, 0.36865997951788987, 0.3693754014656754, 0.37313986465478927, 0.3695984512889488, 0.367864166585189, 0.3688295519853773, 0.3692532633852754, 0.3737501868592631, 0.3738653020925724, 0.3683571486533606, 0.3738641405655087, 0.3680274177940584, 0.3701189036745206, 0.37074505470944896, 0.3683382148205961, 0.37297177097736245, 0.3678845497099334, 0.36777380142051386]
mean: 0.37014309092369224
lb: 0.36933902831093024  ub: 0.37094715353645424
lb: 0.36933902831093024  ub: 0.37094715353645424
ci_lb: 0.0016081252255240042
ci_ub: -0.0016081252255240042
Points:  9
a: [0.39241572526489865, 0.3943803781449482, 0.3962850009932879, 0.3964341247220216, 0.3974035560502175, 0.3928297148857406, 0.39184045510087756, 0.39209225380635937, 0.39428909505014414, 0.39269387151465684, 0.39316657998798865, 0.3959733596157724, 0.3949866835679452, 0.3942011171564057, 0.39811938688339393, 0.3934557486376459, 0.3923584835893228, 0.3919440387511872, 0.3928837349187255, 0.395745938484187, 0.3921846535793197, 0.398935719505327, 0.3982939961348767, 0.39870509252147435, 0.39234572980590743, 0.3961635655688175, 0.3937844920121581, 0.3951139111229028, 0.3918118960243764, 0.3919518899997785]
mean: 0.3944263397800222
lb: 0.39357315333196036  ub: 0.395279526228084
lb: 0.39357315333196036  ub: 0.395279526228084
ci_lb: 0.0017063728961236313
ci_ub: -0.0017063728961236313
