Points:  0
a: [0.24366128148571167, 0.24241697054384567, 0.24016033653369323, 0.24559144333026423, 0.24481935886938402, 0.24064032385493173, 0.24210770320431113, 0.2421270354197454, 0.24715880566838502, 0.24019475173717517, 0.24423188394305412, 0.2469649425915028, 0.2414692258358316, 0.24057166549006442, 0.24784421103971502, 0.24273686031478459, 0.245801382649093, 0.24013613529051445, 0.24028282455441147, 0.24598421001650161, 0.24337094543041962, 0.24269797093041337, 0.24258528785619413, 0.24522612309287015, 0.24027764517945377, 0.24066490205812116, 0.24359603833567006, 0.24442090120192853, 0.24382154140131265, 0.24360342676187166]
mean: 0.2431722044873725
lb: 0.24231380724452278  ub: 0.24403060173022223
lb: 0.24231380724452278  ub: 0.24403060173022223
ci_lb: 0.0017167944856994466
ci_ub: -0.0017167944856994466
Points:  1
a: [0.28367349745936676, 0.2844728212914294, 0.28421193903270564, 0.2870134071264001, 0.2891267375197906, 0.2886304356927345, 0.283768489269839, 0.2850793797128348, 0.28384830997458205, 0.2841044828778346, 0.28358914103588395, 0.28336840682179854, 0.28420777848338663, 0.2836406250518151, 0.28873287834172934, 0.28759752706266783, 0.28365445391031224, 0.2897718485649425, 0.28703297344604806, 0.2853230207246183, 0.2854495619607946, 0.2862016132790506, 0.2848183365578632, 0.2885872160173491, 0.2888286753535937, 0.2834332146774119, 0.2839037605360375, 0.28506251749807565, 0.28412403529936564, 0.28398892556698374]
mean: 0.2855082003382415
lb: 0.28473572420729365  ub: 0.2862806764691893
lb: 0.2847357242072937  ub: 0.28628067646918937
ci_lb: 0.0015449522618956602
ci_ub: -0.0015449522618956602
Points:  2
a: [0.30615054671463965, 0.304808492191968, 0.3045433148833546, 0.3068493151221974, 0.3044205935007347, 0.3120467723130942, 0.3068719175330186, 0.30832156106586917, 0.3104546398961301, 0.3060873090087888, 0.3048632040354875, 0.30700606810345654, 0.30818009145100644, 0.305856581911717, 0.31039673679169655, 0.30655106984010305, 0.31217813119836035, 0.3054190726235186, 0.3045702385416196, 0.30642982492306803, 0.31307863866535257, 0.30972540830855577, 0.3044696679206435, 0.30856033826166124, 0.30432080659706506, 0.3054475034713231, 0.306058234149361, 0.30655574361916643, 0.3050341796654183, 0.3059791196197459]
mean: 0.3070411707309374
lb: 0.30610694523067583  ub: 0.30797539623119896
lb: 0.3061069452306758  ub: 0.3079753962311989
ci_lb: 0.0018684510005231303
ci_ub: -0.0018684510005231303
Points:  3
a: [0.360010112838039, 0.359989209990751, 0.3605076216855705, 0.361685078296014, 0.36014162408996975, 0.36347857967858266, 0.36049865850169377, 0.3607093507973428, 0.3601975318275067, 0.36002560586433185, 0.3610917354698577, 0.3624585760408501, 0.36136462657901924, 0.36305083228912116, 0.3605403195736394, 0.3607441427012799, 0.3604299653648978, 0.3596502421641925, 0.3605097611671344, 0.36237677900061493, 0.3599457844285148, 0.36326642927643443, 0.3652588296750201, 0.3623561905146955, 0.360899844868371, 0.36014294345540654, 0.3609874907506173, 0.3622756052694922, 0.36235890880395005, 0.35963435930242355]
mean: 0.3612195580088444
lb: 0.3607127645975317  ub: 0.36172635142015713
lb: 0.36071276459753177  ub: 0.3617263514201572
ci_lb: 0.001013586822625423
ci_ub: -0.001013586822625423
Points:  4
a: [0.39856247094372366, 0.40371137739932267, 0.3995224075505276, 0.3983723535755688, 0.4008375402413931, 0.39950442475630943, 0.3988892950121817, 0.3982909513290047, 0.39945248854726184, 0.40021793167481734, 0.40408837006701276, 0.4000454378485389, 0.401963422412194, 0.4039621564172439, 0.401593301999092, 0.40290673476662425, 0.3991990899899817, 0.40156940121807105, 0.4028680196625103, 0.40399294701390354, 0.40152450346681345, 0.4066136075406829, 0.4029505745947134, 0.4002520707586633, 0.4033569705321176, 0.4048449015086334, 0.4059728055512744, 0.39872297608144575, 0.3994687804556996, 0.3995308458060513]
mean: 0.4014262719573793
lb: 0.4005354392857142  ub: 0.40231710462904435
lb: 0.4005354392857142  ub: 0.40231710462904435
ci_lb: 0.00178166534333013
ci_ub: -0.00178166534333013
Points:  5
a: [0.41102050473688073, 0.41109737443927624, 0.41001477635051153, 0.41006483876466165, 0.4148733300350996, 0.40982584091303437, 0.41189415195779955, 0.41286811409626556, 0.40961772849860384, 0.41131748727572265, 0.4100743567406799, 0.41002040519252075, 0.41137509551380097, 0.4103320852396964, 0.41079783894011207, 0.40999954404608757, 0.4109853195922788, 0.4144585020599777, 0.40990244970872053, 0.41035506317695447, 0.41350387075286826, 0.413402388106748, 0.4115014449231676, 0.4136881483305138, 0.4107060096129534, 0.4095000243286974, 0.41569606539031395, 0.410842711607833, 0.41439998790436194, 0.4103109178551275]
mean: 0.411481545869709
lb: 0.41082163298344077  ub: 0.4121414587559772
lb: 0.4108216329834408  ub: 0.41214145875597724
ci_lb: 0.0013198257725364204
ci_ub: -0.0013198257725364204
Points:  6
a: [0.43535874753980647, 0.4310141772273455, 0.43110096907679385, 0.4308397211383968, 0.4321802929292181, 0.43187862763869667, 0.4337340850941368, 0.43014287792434036, 0.4302606013844967, 0.4309787577012203, 0.438983149155886, 0.43010893226108526, 0.4342576150359841, 0.4307687729425209, 0.4303243695689414, 0.4344901175126489, 0.4321862949528421, 0.4303038701066308, 0.43303225071747925, 0.430936501547307, 0.4308700180859499, 0.4327335562113432, 0.4307770735294783, 0.43057068612930705, 0.434246719474307, 0.43060183321047585, 0.433227702555397, 0.4302296918004401, 0.4390251335367822, 0.4303733692735898]
mean: 0.4321845505087616
lb: 0.43129110818205213  ub: 0.43307799283547105
lb: 0.43129110818205213  ub: 0.43307799283547105
ci_lb: 0.0017868846534189187
ci_ub: -0.0017868846534189187
Points:  7
a: [0.46063180822094424, 0.46137517801451133, 0.45984684573749823, 0.46137167404766577, 0.46078056169893516, 0.46198459812100334, 0.46000898017918895, 0.4614739076721743, 0.4611758562814326, 0.4622818737604939, 0.46008560960521405, 0.460091507118482, 0.46097290086910825, 0.46444681105108715, 0.4617183720372266, 0.4628821949041958, 0.46540995169035404, 0.46349353090403467, 0.46756012152678916, 0.46058830986018956, 0.4603196855509677, 0.4629513383171209, 0.46003207680326547, 0.4599751272560335, 0.46002060689813334, 0.45991324045342674, 0.4604337952268431, 0.4684080543470632, 0.4667758181852725, 0.4602349304374176]
mean: 0.46190817555920244
lb: 0.46101772224260146  ub: 0.4627986288758034
lb: 0.46101772224260146  ub: 0.4627986288758034
ci_lb: 0.0017809066332019619
ci_ub: -0.0017809066332019619
Points:  8
a: [0.4668021758085246, 0.4708004800705623, 0.4660678468979877, 0.46514192448439945, 0.4646599472702731, 0.46465828576512064, 0.46541114202694306, 0.4703658152902896, 0.46765512032610773, 0.4662309782925061, 0.4656106858852158, 0.4664662121482617, 0.4665990358067431, 0.4648580760563079, 0.47213037168809463, 0.4685959788242484, 0.46835492266183054, 0.4681984648808064, 0.4646094846100068, 0.4648834810643836, 0.4678344638589674, 0.46497926964859165, 0.4677272233758634, 0.4659680244836003, 0.4647584468264206, 0.4664564433852398, 0.46490794477785624, 0.46462753893254766, 0.4664670281401563, 0.4656316890752955]
mean: 0.4665819500787718
lb: 0.4658463355275048  ub: 0.46731756463003876
lb: 0.46584633552750476  ub: 0.4673175646300387
ci_lb: 0.0014712291025339441
ci_ub: -0.0014712291025339441
Points:  9
a: [0.4832191381589588, 0.48223041377976117, 0.48706634841835544, 0.4884605343072195, 0.48255824955947385, 0.48194115500085344, 0.48810386977476966, 0.48246396385507007, 0.4854512382409325, 0.4839383243644036, 0.4819950149880934, 0.4851649830611525, 0.4819608815041544, 0.482201052349568, 0.48610325395598564, 0.48577801756336253, 0.485741430261766, 0.4819021861574797, 0.4818971137067742, 0.4840788931960712, 0.4847697090295728, 0.4827897851787344, 0.48203624104194465, 0.48196194821003485, 0.48633703203475914, 0.48289595850185196, 0.4846831436672935, 0.485172076886272, 0.4832308309391892, 0.4817956906798643]
mean: 0.483930949279124
lb: 0.48318162255655583  ub: 0.48468027600169217
lb: 0.4831816225565559  ub: 0.4846802760016922
ci_lb: 0.0014986534451363331
ci_ub: -0.0014986534451363331
