Points:  0
a: [0.1392369950106217, 0.1395593782633973, 0.1404825936589757, 0.1396810441594496, 0.14186754692325138, 0.14233391610989043, 0.14061642493990262, 0.1416083479145961, 0.1421626800529578, 0.1484554319643474, 0.14349989486724918, 0.1455231995574598, 0.14637807363295344, 0.1425435683022738, 0.14171545460543541, 0.13998889700768788, 0.14058132201875867, 0.1395862796442992, 0.13979793218276226, 0.1410649306774304, 0.14201773613709295, 0.14088306019283753, 0.14040762177169655, 0.13952605692389028, 0.14261893278927834, 0.1405098029889306, 0.14155272877383704, 0.13955126647825164, 0.14000518991079086, 0.14203512814366975]
mean: 0.1415263811867992
lb: 0.1407269110979455  ub: 0.1423258512756529
lb: 0.1407269110979455  ub: 0.1423258512756529
ci_lb: 0.0015989401777073975
ci_ub: -0.0015989401777073975
Points:  1
a: [0.15628768559504266, 0.15938117609034794, 0.1560093934135778, 0.1573517029058235, 0.1574437408470964, 0.15642738981533905, 0.16320913490821118, 0.1560291018218044, 0.15592864240378526, 0.15649018466298167, 0.16036185136756956, 0.16053154294636618, 0.15560964023527563, 0.1572415736448598, 0.1599645260223442, 0.1566621390129998, 0.1596886445908831, 0.15865295356608247, 0.15701312884242297, 0.1563957211388194, 0.15642792723613516, 0.15600926553710245, 0.15639505849873334, 0.15680614848429758, 0.15597344531624066, 0.1582948449413289, 0.16123340360779004, 0.1556415010903258, 0.15591828443038175, 0.15909899797905921]
mean: 0.15761595836510095
lb: 0.15688177836839884  ub: 0.15835013836180306
lb: 0.15688177836839887  ub: 0.1583501383618031
ci_lb: 0.0014683599934042224
ci_ub: -0.0014683599934042224
Points:  2
a: [0.17873097089659631, 0.18036992613227926, 0.17873342260001415, 0.17834565898715407, 0.1818469457476822, 0.17696776758883867, 0.17736720924922178, 0.17695222167929447, 0.18383203761049044, 0.18308692989374717, 0.17983780078207867, 0.17987921146896035, 0.17753660629333337, 0.17691680418309022, 0.1809003032739331, 0.17759738894516594, 0.17714634990661463, 0.17806523182730052, 0.1776279478990314, 0.17815155458324206, 0.1779973708253787, 0.18212843287293684, 0.18085062014741993, 0.17745452956600927, 0.17934595886722032, 0.18101081365465682, 0.17706479283798987, 0.1809255145246415, 0.18433457975674697, 0.1774204832442675]
mean: 0.17928084619484458
lb: 0.1784637868023737  ub: 0.18009790558731545
lb: 0.1784637868023737  ub: 0.18009790558731545
ci_lb: 0.0016341187849417405
ci_ub: -0.0016341187849417405
Points:  3
a: [0.17996455244412668, 0.1811042211332182, 0.18025622634188943, 0.18443325242278746, 0.17880588396846794, 0.17913626472104657, 0.18427083453920237, 0.18146554995671293, 0.1792901040948668, 0.18034953673207776, 0.18543075304738488, 0.17937744453519128, 0.18753333807057287, 0.1806877717766967, 0.17853286444340022, 0.17995400543875906, 0.18456384134653847, 0.1794317578192633, 0.1856206977419184, 0.180451136004859, 0.18139677300008275, 0.18380736246058602, 0.18110148378618826, 0.18233977146535807, 0.17874889655509535, 0.17942219271647247, 0.18076953180200056, 0.18294387131255788, 0.17952563381507003, 0.17923060764913182]
mean: 0.18133153870471744
lb: 0.1804321179649509  ub: 0.18223095944448398
lb: 0.1804321179649509  ub: 0.18223095944448398
ci_lb: 0.0017988414795330754
ci_ub: -0.0017988414795330754
Points:  4
a: [0.18978243402558406, 0.1862202545890193, 0.19243504041795856, 0.18626050494143684, 0.18567327718524287, 0.19034334414023255, 0.1857710556823507, 0.1885791302928275, 0.1885793061283105, 0.18740532173861546, 0.18910643115222522, 0.19078431049129302, 0.18633790758918498, 0.18632646831167687, 0.19247071105678284, 0.186186258474652, 0.18591258109666828, 0.18745755787424231, 0.18938823763800394, 0.18589179680617068, 0.18592519562860732, 0.1907154172026706, 0.18625201634862876, 0.18595051254499234, 0.19393421556488022, 0.18613375641988375, 0.18556624528799553, 0.18914088177599572, 0.19168206349946035, 0.19043422371435492]
mean: 0.1882215485873316
lb: 0.1872973635846195  ub: 0.1891457335900437
lb: 0.1872973635846195  ub: 0.1891457335900437
ci_lb: 0.0018483700054242047
ci_ub: -0.0018483700054242047
Points:  5
a: [0.20329487115457445, 0.19958554407145054, 0.2013511005045474, 0.19899546190934744, 0.20748672080424926, 0.2004472349317166, 0.20354786151804294, 0.202577337922961, 0.19961455286655572, 0.20383883001645775, 0.19921509230889534, 0.19863759647164916, 0.1987842113459073, 0.198435288094848, 0.1987597054447681, 0.20095884023867341, 0.20070854086893902, 0.20057533560431012, 0.19832870725390608, 0.2033153303039198, 0.20158861566233477, 0.1999442945659931, 0.20164541556848486, 0.19858541748968797, 0.20143736852780122, 0.1986139698274474, 0.19978673536786662, 0.2055093916070324, 0.20372340714181245, 0.20536832955296366]
mean: 0.20115537029823816
lb: 0.20024609256512468  ub: 0.20206464803135163
lb: 0.20024609256512468  ub: 0.20206464803135163
ci_lb: 0.0018185554662269454
ci_ub: -0.0018185554662269454
Points:  6
a: [0.22023052882612834, 0.22258153081716311, 0.22422529211151104, 0.21752828586884884, 0.22147277955704633, 0.2234067546123204, 0.22077220521577606, 0.22556602575038054, 0.22356619650726953, 0.21752807220884035, 0.22287010445007385, 0.2184749255344981, 0.21890322864638173, 0.21860898361825953, 0.22337631876227357, 0.2177992565260927, 0.21825852832608297, 0.21794874149606017, 0.21822665857798984, 0.21896691349538513, 0.2200709679937058, 0.2224108273575022, 0.22290683718098694, 0.2239535978851672, 0.22457872752124317, 0.22609453453149006, 0.21752111501595053, 0.21777218573184443, 0.22435738074254233, 0.2192314531696522]
mean: 0.22097363193461556
lb: 0.21993005325087095  ub: 0.22201721061836016
lb: 0.21993005325087095  ub: 0.22201721061836016
ci_lb: 0.002087157367489212
ci_ub: -0.002087157367489212
Points:  7
a: [0.2287487388880899, 0.2298205608010819, 0.22795930777207118, 0.23335569106521442, 0.23034173995531682, 0.2296386340753438, 0.23285061306840057, 0.22866945769143338, 0.2290315777748302, 0.23345593155850053, 0.22785135905114315, 0.23092753994384718, 0.22810915240105667, 0.22839381877498074, 0.22822401126256175, 0.23027286757427973, 0.22845451067448783, 0.23123844920973374, 0.2328507599391927, 0.22849007258368864, 0.22782005908325967, 0.22874039802372326, 0.23033371811246275, 0.2346475773786504, 0.2295931214587895, 0.22901246393093033, 0.2353655888445041, 0.2338371545582138, 0.2292274601055241, 0.22834703207773002]
mean: 0.23018697892130138
lb: 0.2293542601091583  ub: 0.23101969773344447
lb: 0.2293542601091583  ub: 0.23101969773344447
ci_lb: 0.0016654376242861701
ci_ub: -0.0016654376242861701
Points:  8
a: [0.2411499828518101, 0.24262791616108006, 0.23939736853275134, 0.23991704358455282, 0.23958888421754587, 0.23970724461405568, 0.24005827034659463, 0.23978556379344756, 0.23969668561113885, 0.2483342134337349, 0.2412627793876984, 0.24322425585158192, 0.24579443398032078, 0.2395652982764154, 0.24308155563123798, 0.24122749443785976, 0.24474450585313393, 0.24115455865637148, 0.2393300479885976, 0.2411991161333206, 0.24038062272359387, 0.24044074528640863, 0.24208639465339513, 0.23935194889185288, 0.24135410957587997, 0.23958131028498114, 0.2419492232155688, 0.24592644879551706, 0.2394001692017816, 0.24121743855112507]
mean: 0.24141785435077842
lb: 0.24057282669442778  ub: 0.24226288200712906
lb: 0.24057282669442784  ub: 0.24226288200712912
ci_lb: 0.0016900553127012774
ci_ub: -0.0016900553127012774
Points:  9
a: [0.26465207978423116, 0.25998936235020464, 0.25690932461925603, 0.2632798487308498, 0.2573313812097277, 0.25888834776311, 0.25885155074885874, 0.25710251479556867, 0.2589056217518503, 0.2568346707731779, 0.26077079436913003, 0.2610692167290795, 0.2587532134258869, 0.2596447855402606, 0.2579895397823282, 0.25752400625364164, 0.25691839806478844, 0.2567710116819048, 0.2603016770295286, 0.2570140362679948, 0.25936551925011053, 0.257844656594877, 0.26032278932612674, 0.26359660814947267, 0.25677433827818985, 0.260404942870234, 0.2602157906642845, 0.26097091360728847, 0.2602671327221634, 0.258379273149557]
mean: 0.2592547782094561
lb: 0.25846587615463323  ub: 0.26004368026427893
lb: 0.25846587615463323  ub: 0.26004368026427893
ci_lb: 0.0015778041096456974
ci_ub: -0.0015778041096456974
