Points:  0
a: [0.12957644110500866, 0.1305563548766459, 0.1318763402441994, 0.12989744313023832, 0.12998311670069113, 0.1293550890877987, 0.12922074842395556, 0.12932233384080277, 0.13236961034675662, 0.1347311709302418, 0.1304287459323129, 0.13630560334639616, 0.1297957605688536, 0.12957626540475656, 0.1313270029273531, 0.1300889200116756, 0.12937624966559771, 0.1306209754827015, 0.13438961250855358, 0.12966207186757397, 0.13162258049920764, 0.13369618904875644, 0.129952365426094, 0.1315856364956344, 0.13766560456873528, 0.1296491821192313, 0.13294731176792918, 0.13376981209824107, 0.12999790782678225, 0.1295221642862753]
mean: 0.13129562035130002
lb: 0.13045762083451845  ub: 0.1321336198680816
lb: 0.13045762083451842  ub: 0.13213361986808156
ci_lb: 0.0016759990335631358
ci_ub: -0.0016759990335631358
Points:  1
a: [0.14696713207964415, 0.14583734108802324, 0.14724136960312717, 0.15218776618915228, 0.14787530108689528, 0.14979792505558517, 0.14577881779509982, 0.14820169294732824, 0.14697903521305514, 0.14720493144246158, 0.14622503317326477, 0.14760177145122733, 0.15173070719914017, 0.14868730366965063, 0.14815106739601655, 0.14896987640086767, 0.14571119029966012, 0.14984507238246936, 0.14666329164868455, 0.1458070835782993, 0.1500849628856767, 0.14720461047392078, 0.14944706371610983, 0.14605534039678675, 0.14565485540686063, 0.14678740420798345, 0.1458101587214685, 0.1464039305281893, 0.14815448025212452, 0.15180225365425157]
mean: 0.1478289589981008
lb: 0.14711362524601207  ub: 0.14854429275018954
lb: 0.14711362524601207  ub: 0.14854429275018954
ci_lb: 0.0014306675041774741
ci_ub: -0.0014306675041774741
Points:  2
a: [0.15548772524616408, 0.15890817360898288, 0.15823332259916806, 0.16382642317085455, 0.1591395492363188, 0.15587950726625002, 0.15542576673179037, 0.16018290529385978, 0.15579272582595305, 0.15624449510503843, 0.1632845442526437, 0.1568068742612934, 0.16136517875884915, 0.162090563494653, 0.15663046392299856, 0.16016376089552525, 0.15646823352086528, 0.15566403404655538, 0.15796853597204435, 0.1584265602301839, 0.15643927648015848, 0.15733969924485966, 0.16128942252222053, 0.1568960186517809, 0.15673048361462083, 0.15545783941544328, 0.15737601046182578, 0.15653435241477115, 0.1570357651705902, 0.15622903367736535]
mean: 0.15797724150312092
lb: 0.15707902396471632  ub: 0.15887545904152553
lb: 0.15707902396471632  ub: 0.15887545904152553
ci_lb: 0.0017964350768092108
ci_ub: -0.0017964350768092108
Points:  3
a: [0.15585071270404152, 0.15694672655082642, 0.1559390813630337, 0.15668289962839305, 0.15879047341971947, 0.1562402374570955, 0.16332884499186925, 0.15970486474726345, 0.1559476400855885, 0.1576036457327785, 0.1568964760443425, 0.15907836606727485, 0.15899831091336653, 0.15853899750089892, 0.15818516170248986, 0.16134096125139374, 0.15847484143486884, 0.16124198984241497, 0.15792405667696768, 0.15552022924738845, 0.15604358822307596, 0.157997189797012, 0.15723945965636799, 0.15651149631581587, 0.15690460649346877, 0.15574669359563853, 0.15707544483673813, 0.1586583130828032, 0.16222816930138428, 0.16372421052782762]
mean: 0.15817878963973828
lb: 0.15733885563310182  ub: 0.15901872364637473
lb: 0.1573388556331018  ub: 0.1590187236463747
ci_lb: 0.0016798680132729116
ci_ub: -0.0016798680132729116
Points:  4
a: [0.1749010890123832, 0.17146311126741298, 0.16971403043506422, 0.16702809104677244, 0.1691081108478369, 0.1670767332718942, 0.16698338309803223, 0.166135959459735, 0.16578942167478897, 0.16652006870017208, 0.16830212159589755, 0.16940612161130983, 0.170449293529733, 0.16566320609297805, 0.16647010648539798, 0.1671740567683929, 0.1658755744637691, 0.1659345166652922, 0.16629665303705424, 0.1673187298241021, 0.16620138999594247, 0.16630151110307753, 0.16657252188271757, 0.17044566143464612, 0.16732476701770793, 0.16997771554075503, 0.16863129149605705, 0.16891612498883582, 0.16887351873037906, 0.16786615044966569]
mean: 0.16795736771759345
lb: 0.16717800540425581  ub: 0.1687367300309311
lb: 0.16717800540425573  ub: 0.168736730030931
ci_lb: 0.0015587246266752786
ci_ub: -0.0015587246266752786
Points:  5
a: [0.17049936323863485, 0.16919591440897264, 0.16873147508644934, 0.1705108274249749, 0.16964268246658232, 0.1687554334433934, 0.16845081035542936, 0.17318373091428377, 0.17093421139400433, 0.1755044320173205, 0.16898538957192985, 0.17187064444061995, 0.16981751246686375, 0.1696559390723362, 0.17117423291201553, 0.17350050788626467, 0.1695968378604215, 0.1698439932259678, 0.17632191867913535, 0.1693973930147267, 0.16981971431613344, 0.16847509342795786, 0.17067817144411204, 0.16848690630939175, 0.1702359150271499, 0.1686417195456994, 0.16971599287218725, 0.17009652306937964, 0.16889870953114894, 0.1717882590062726]
mean: 0.17041367514765865
lb: 0.16967542812300998  ub: 0.17115192217230732
lb: 0.16967542812300998  ub: 0.17115192217230732
ci_lb: 0.0014764940492973389
ci_ub: -0.0014764940492973389
Points:  6
a: [0.1752275088093846, 0.17272442053378373, 0.1755013947449881, 0.1763040116218865, 0.17721454952149604, 0.17060096994358132, 0.17046724475225297, 0.17190648362657687, 0.17098729501651053, 0.17142164799138002, 0.17052633211337367, 0.1703561168793764, 0.17550344872876517, 0.17392115438496805, 0.17045930481414448, 0.1705828573205123, 0.17358374318255435, 0.17509212865152485, 0.17348666890507558, 0.17231888164647655, 0.17826888486594994, 0.17623706801088093, 0.1771809584869607, 0.17030205660754505, 0.17556955239263286, 0.17413421908995919, 0.17956521182990626, 0.17110640352993536, 0.17274305168771398, 0.17372269763694995]
mean: 0.17356720891090158
lb: 0.17257118618815107  ub: 0.1745632316336521
lb: 0.17257118618815107  ub: 0.1745632316336521
ci_lb: 0.001992045445501023
ci_ub: -0.001992045445501023
Points:  7
a: [0.17546744303275089, 0.17533009290840604, 0.17526692064083657, 0.17234987887804942, 0.1715247706907192, 0.17414099262725502, 0.17566328152616062, 0.1777268555693813, 0.17259598510330793, 0.17113310613552646, 0.1791694840972331, 0.17270021630635093, 0.1793083161867135, 0.177786896344927, 0.17098064125349852, 0.1727746174372474, 0.1744516666601891, 0.1737099077651065, 0.17327401892490046, 0.17101700482103754, 0.17390481645655195, 0.17453545151596336, 0.17544998160813438, 0.17086970087541958, 0.17540309331104792, 0.17706918067766583, 0.17332189328325892, 0.17274691957150695, 0.17133330221121762, 0.1758214632608936]
mean: 0.17422759665604193
lb: 0.17333153624275408  ub: 0.17512365706932978
lb: 0.1733315362427541  ub: 0.1751236570693298
ci_lb: 0.001792120826575705
ci_ub: -0.001792120826575705
Points:  8
a: [0.17957815324653273, 0.18029028683108, 0.18204534939070577, 0.17976547058372094, 0.18089910066018797, 0.17963516831387255, 0.1804058851575535, 0.18732206395106962, 0.17942423049635947, 0.1803767102160534, 0.17951628540511824, 0.17957791830459702, 0.18187404157650847, 0.179422395582856, 0.18610527200098453, 0.18248411593060088, 0.17942221827088756, 0.18159223845141056, 0.1795213346137719, 0.18060460618961224, 0.17916693159686847, 0.18198842773920115, 0.1815643940425187, 0.1808802537115491, 0.18035296409620635, 0.17941633342600982, 0.1884258939361948, 0.18048914045427097, 0.1824137134209714, 0.1791267683210553]
mean: 0.18112292219727763
lb: 0.18024805920870365  ub: 0.1819977851858516
lb: 0.18024805920870363  ub: 0.18199778518585158
ci_lb: 0.0017497259771479534
ci_ub: -0.0017497259771479534
Points:  9
a: [0.1854776049351917, 0.18642653043202556, 0.18396905486713655, 0.18367299075715737, 0.1839699638860931, 0.1870393911154478, 0.18368202609615203, 0.18406988313975486, 0.1904137754472165, 0.1880275762640089, 0.1891575348530795, 0.18737483955036294, 0.18918661115785154, 0.1922380207475136, 0.1849699416665381, 0.18688539483977804, 0.18454763365581756, 0.18621632369869728, 0.18351012451784163, 0.18685932633088587, 0.1868350114636214, 0.18391007091624417, 0.18369048273197977, 0.1838186884317019, 0.18981478784466746, 0.18496503286517813, 0.18708800962100358, 0.18727337445403108, 0.18485049117766575, 0.184802537406641]
mean: 0.18615810116237616
lb: 0.18529386812069104  ub: 0.18702233420406128
lb: 0.18529386812069104  ub: 0.18702233420406128
ci_lb: 0.0017284660833702392
ci_ub: -0.0017284660833702392
