Points:  0
a: [0.12746937449591372, 0.12466748427083521, 0.12065535037894165, 0.1233071773696038, 0.12366360821755597, 0.12212917868118543, 0.12365844886657673, 0.12358206949122484, 0.1209604397683779, 0.12062534574512201, 0.12226255025292969, 0.1213231087723758, 0.12067704985921353, 0.12070375115179849, 0.12393059967620956, 0.12319110309907846, 0.124910472872803, 0.12630600450021412, 0.12452735093922519, 0.12238274912236778, 0.12272264435267408, 0.1233476473424894, 0.12067915452659826, 0.12124017379914243, 0.12365016726728272, 0.12684142770964715, 0.12148574413662673, 0.125493241912157, 0.12061293749837378, 0.12117488541855993]
mean: 0.1229393747165035
lb: 0.1222002425255339  ub: 0.1236785069074731
lb: 0.12220024252553387  ub: 0.12367850690747308
ci_lb: 0.0014782643819392094
ci_ub: -0.0014782643819392094
Points:  1
a: [0.12130121844690996, 0.12183860932398172, 0.1285606807081512, 0.125155591202973, 0.12318628516141666, 0.12085866310762189, 0.1208172154881711, 0.1226574503448851, 0.12035267925781196, 0.12075956574088144, 0.12031238751752327, 0.12256524109740596, 0.12294364413612763, 0.12274155543009603, 0.12241972958238109, 0.1205560824956642, 0.12208530381880373, 0.12307382739031779, 0.12127167142067219, 0.12059342142194249, 0.12188361980068578, 0.12421194197699513, 0.12445982113009015, 0.1214670138942255, 0.12197521151142501, 0.12148883190849329, 0.12185981509947912, 0.12097270471617765, 0.12171827305353003, 0.12697572568528398]
mean: 0.12236879272900415
lb: 0.1216542857896523  ub: 0.123083299668356
lb: 0.12165428578965228  ub: 0.12308329966835597
ci_lb: 0.0014290138787036999
ci_ub: -0.0014290138787036999
Points:  2
a: [0.15301259676061232, 0.15231544117456383, 0.15655639424977874, 0.15603070307867656, 0.15698890826257483, 0.15264204317329474, 0.15785231409071168, 0.15245585684280483, 0.15256031094824346, 0.15365073493577777, 0.1547779863625052, 0.15221592629782296, 0.15214827887813967, 0.1528720347176103, 0.15814353953510507, 0.1530482819175455, 0.1552565483087266, 0.15799321219690415, 0.15218341498986154, 0.1544017621823539, 0.15209615134078017, 0.1521936573068274, 0.1553507765831927, 0.15200723253188653, 0.1544878617878399, 0.15496334095638464, 0.15215630780761774, 0.1524289938755235, 0.153439468752178, 0.15526004368021137]
mean: 0.15404967078420187
lb: 0.15331009406147805  ub: 0.1547892475069257
lb: 0.15331009406147805  ub: 0.1547892475069257
ci_lb: 0.001479153445447634
ci_ub: -0.001479153445447634
Points:  3
a: [0.17945034923299083, 0.17823184457586183, 0.18338943360714605, 0.1847633880313527, 0.18189490382421783, 0.18180325515980816, 0.17882769076918997, 0.18412769283420788, 0.17896812206242493, 0.17854116933193404, 0.17855851123447522, 0.18130981945752433, 0.17852944492219533, 0.17821155633986924, 0.18722427261382993, 0.18314134192545983, 0.17876090300156586, 0.1799075340704021, 0.18236702053032244, 0.18038465815034893, 0.18164680422628676, 0.17844428062647344, 0.179756904988259, 0.18063855024628966, 0.18008988514348573, 0.18015839826024307, 0.18186851406839175, 0.18011326024591268, 0.17814133176388933, 0.1816744458886166]
mean: 0.18069750957109915
lb: 0.17986151006718448  ub: 0.1815335090750138
lb: 0.17986151006718448  ub: 0.1815335090750138
ci_lb: 0.0016719990078293279
ci_ub: -0.0016719990078293279
Points:  4
a: [0.18148217283447735, 0.1803045981491412, 0.18407777724579028, 0.18458758298663278, 0.18050427524171922, 0.180458092913542, 0.18554962243712686, 0.1845611159331118, 0.1809487017728644, 0.18191787571484963, 0.18032553500452225, 0.1858599266375346, 0.18226220847255942, 0.18200161713485669, 0.18030007197973488, 0.18472276184875647, 0.1872633340703498, 0.18262795534720105, 0.18216306356178263, 0.18149977716657922, 0.1816168084891119, 0.18491096929505144, 0.18623558694988665, 0.18274163050086323, 0.1808811891675946, 0.18057716092145695, 0.18054700723693173, 0.18196643719111355, 0.18612302388088953, 0.18390357870654434]
mean: 0.1827640486264192
lb: 0.18197011926679518  ub: 0.18355797798604323
lb: 0.18197011926679518  ub: 0.18355797798604323
ci_lb: 0.0015878587192480476
ci_ub: -0.0015878587192480476
Points:  5
a: [0.1834303796972146, 0.18282935835785058, 0.18269996809076472, 0.1863893589081275, 0.18387617146852664, 0.18506471298839813, 0.18949747280387508, 0.19079281460344438, 0.1832332979438024, 0.184660625116597, 0.18269770710448724, 0.18833576813663302, 0.18638622725489565, 0.18514555641196304, 0.18440892017784213, 0.18350590083343868, 0.18264904970510384, 0.18377514687710605, 0.18268824601135913, 0.18263448260689766, 0.18591725327831043, 0.18336443423533177, 0.1848032958095976, 0.1834678034163913, 0.1874971968230012, 0.18250090684385742, 0.18321560246454124, 0.1870861370073448, 0.1826162482404031, 0.1847929234660493]
mean: 0.18466543222277182
lb: 0.18384531445980104  ub: 0.1854855499857426
lb: 0.18384531445980104  ub: 0.1854855499857426
ci_lb: 0.001640235525941558
ci_ub: -0.001640235525941558
Points:  6
a: [0.19494626202761048, 0.1953791484591545, 0.19574771588225834, 0.1947930624267052, 0.1948465582292941, 0.1991847329369464, 0.1940489361632262, 0.19865231752433724, 0.19408467954734532, 0.1960245420907205, 0.19622035981867955, 0.19408962945996328, 0.19686933711847707, 0.2013068663994973, 0.19562696541656358, 0.198121010640615, 0.1949128036098838, 0.19402086622771464, 0.20230208723698787, 0.19710227377512476, 0.19687193232491004, 0.19551954919378617, 0.19644871511884235, 0.1943334324279765, 0.20198017150063646, 0.20111594847340242, 0.19597976531755343, 0.19560130085316324, 0.19515026489945828, 0.19488577503422827]
mean: 0.19653890033783544
lb: 0.1956305752689931  ub: 0.19744722540667778
lb: 0.1956305752689931  ub: 0.19744722540667778
ci_lb: 0.0018166501376846722
ci_ub: -0.0018166501376846722
Points:  7
a: [0.2141268348985465, 0.21512883465143423, 0.2205140465241621, 0.2152869064877903, 0.21556490130740077, 0.21557007680024742, 0.21533104866209601, 0.21751303661374502, 0.21460127674221421, 0.2155313787473746, 0.21755505537235006, 0.2170538737178344, 0.21667652866141407, 0.2185534461730881, 0.21577972865716355, 0.2231875853388098, 0.2141737407122208, 0.214420053988439, 0.2173290310575474, 0.214152759422339, 0.21537300158844366, 0.2161538795079229, 0.21509626921389144, 0.21954933165021476, 0.21568022718678112, 0.21609601332522763, 0.22232552395505545, 0.21535856986057095, 0.21461352882150617, 0.2141082484358793]
mean: 0.21641349126939036
lb: 0.21554078858479608  ub: 0.21728619395398463
lb: 0.21554078858479608  ub: 0.21728619395398463
ci_lb: 0.0017454053691885463
ci_ub: -0.0017454053691885463
Points:  8
a: [0.2324102826441762, 0.22518975449062165, 0.23111874528489407, 0.22460313757303194, 0.23302146787314673, 0.2268429720185394, 0.22564250697814295, 0.22545097993950475, 0.2252327269427749, 0.22493895441999404, 0.2267508605068595, 0.2252513774986073, 0.2252890679481775, 0.22817923277767024, 0.22922818188422997, 0.2257153697814262, 0.22842172840062475, 0.22494756980370673, 0.2298889741431139, 0.2308000568846581, 0.22754008815207408, 0.23016313540502492, 0.22459245507834952, 0.2255695336033284, 0.22690781018096695, 0.2296085730307555, 0.2320818833424011, 0.22566739173974049, 0.23273467211145168, 0.22960088709478862]
mean: 0.2277796792510927
lb: 0.2267507492689841  ub: 0.2288086092332013
lb: 0.22675074926898414  ub: 0.22880860923320134
ci_lb: 0.0020578599642172013
ci_ub: -0.0020578599642172013
Points:  9
a: [0.2345714223589017, 0.22989804349755705, 0.23016637634225573, 0.23364105971454793, 0.23356987640730145, 0.23239546325418337, 0.2299231461882709, 0.23020459928441236, 0.2317811252584247, 0.23089215575605512, 0.23026608372689913, 0.2297989364958698, 0.2320987817788126, 0.23098735334591847, 0.22970236760283302, 0.23571675766459382, 0.22970152968333832, 0.23439713550093463, 0.23099188621446826, 0.22982058218773563, 0.2309601583124414, 0.22999387832345813, 0.23427963880246028, 0.2300040401113695, 0.23506274948027495, 0.23362000957541593, 0.23104793337629922, 0.23693042584144475, 0.22984345985119614, 0.2327532025076447]
mean: 0.23183400594817732
lb: 0.23104587189876344  ub: 0.2326221399975912
lb: 0.2310458718987634  ub: 0.23262213999759118
ci_lb: 0.001576268098827771
ci_ub: -0.001576268098827771
