Points:  0
a: [0.21713015535238092, 0.2107361359590993, 0.21589065497077073, 0.21585447923731327, 0.21264314543476884, 0.21672182774489515, 0.21324660628135958, 0.2106038515969148, 0.21298745133932717, 0.2113652351200456, 0.2131203979826449, 0.21497737642199163, 0.21326219645257619, 0.2119113041723827, 0.21475421867164732, 0.2140511295755648, 0.2100699846380327, 0.210417844158187, 0.2170756314476295, 0.20977702829894493, 0.21268582829642985, 0.21020366388451658, 0.20972894452967122, 0.21301553816103344, 0.2102088482319851, 0.21333854963909932, 0.21591335929324407, 0.21047623549406078, 0.21040225078328426, 0.21405136211387424]
mean: 0.2128873745094558
lb: 0.21200589549745097  ub: 0.21376885352146063
lb: 0.21200589549745102  ub: 0.2137688535214607
ci_lb: 0.0017629580240096643
ci_ub: -0.0017629580240096643
Points:  1
a: [0.23471519371757274, 0.23758907999664136, 0.23964493409822232, 0.23667930204551516, 0.23526874742417112, 0.2345726625959949, 0.23629403590721548, 0.23658435400133396, 0.23474797259271363, 0.23729850044745107, 0.23919014781736267, 0.23517615506751993, 0.23467771118197203, 0.23560195198436448, 0.2367546971307322, 0.24434658961028455, 0.2374703777054751, 0.23858707913904875, 0.23524196336518, 0.23858129596942707, 0.23741953143472716, 0.23568089292773142, 0.23810183476018895, 0.23783618870190654, 0.24031244553574396, 0.23631509437922885, 0.23786408648918916, 0.24297283289974855, 0.23674056025279402, 0.24261414823452776]
mean: 0.23749601224713282
lb: 0.2365628351114394  ub: 0.23842918938282623
lb: 0.23656283511143938  ub: 0.2384291893828262
ci_lb: 0.0018663542713868164
ci_ub: -0.0018663542713868164
Points:  2
a: [0.2502178772533455, 0.2510654918332122, 0.2508534732221596, 0.25102231142228, 0.2546440372758134, 0.2530051321868681, 0.251526350474267, 0.2527829518373594, 0.25354025167671385, 0.2525268445217527, 0.2504069036218855, 0.2523477591689765, 0.2516120913741662, 0.2547760566602542, 0.25774720320618205, 0.25631852511325093, 0.2533318877682088, 0.2511942545617268, 0.2553443044626664, 0.2573423778759456, 0.2511123199671138, 0.25111313461915497, 0.2503730740593354, 0.25026328248399476, 0.25144379215561063, 0.25745428179957863, 0.2509260189178502, 0.2511089918663037, 0.25812031480647646, 0.252129923949621]
mean: 0.2528550406714025
lb: 0.2519326956143737  ub: 0.25377738572843134
lb: 0.25193269561437365  ub: 0.2537773857284313
ci_lb: 0.0018446901140576344
ci_ub: -0.0018446901140576344
Points:  3
a: [0.29036141065783905, 0.2900263082072349, 0.29146297799104387, 0.2904747461954834, 0.2942619693909125, 0.29406970993113135, 0.2921784392866505, 0.2895484718722495, 0.28967262219715006, 0.2905672746339659, 0.2906702703643795, 0.2921788927767675, 0.291765606251192, 0.29313542234361883, 0.29084271068368883, 0.2963508077625877, 0.29167826430489985, 0.29035134531703227, 0.2902891873202807, 0.2913970597021137, 0.290225607583011, 0.29130148101855174, 0.28968269960172527, 0.28973977153182034, 0.2898200554095834, 0.2952361009593812, 0.29301131899577143, 0.2986450572440158, 0.2935701547960152, 0.2930547990164178]
mean: 0.29185235144488375
lb: 0.2910346277130397  ub: 0.29267007517672783
lb: 0.2910346277130397  ub: 0.29267007517672783
ci_lb: 0.0016354474636881555
ci_ub: -0.0016354474636881555
Points:  4
a: [0.30054819721867687, 0.3029246332392147, 0.30448705581710844, 0.3014474278801548, 0.30069780705348054, 0.3034418255307717, 0.30675753799420374, 0.306993883798886, 0.3029956923253095, 0.30394277381725815, 0.3047743255806326, 0.30304490250344096, 0.3001295774224496, 0.3002139717768199, 0.3007742836077684, 0.3019222404966966, 0.30086762083374496, 0.3041710964306746, 0.30154209560155726, 0.3039241488805551, 0.30101555119967344, 0.30212559199037575, 0.30113489420134243, 0.3008703343978352, 0.30914413002687224, 0.30513350610919643, 0.3015679929518469, 0.3030548062053575, 0.3052212706580462, 0.30023592014136546]
mean: 0.3028368365230439
lb: 0.3019873005970637  ub: 0.3036863724490241
lb: 0.3019873005970637  ub: 0.3036863724490241
ci_lb: 0.0016990718519603876
ci_ub: -0.0016990718519603876
Points:  5
a: [0.36266296163049827, 0.3601658440376417, 0.3634564144796789, 0.36343249455681775, 0.362072598917941, 0.36408505238011474, 0.3637348251940583, 0.35990727222704916, 0.36015361362068743, 0.362017918726092, 0.36372951392175384, 0.36032675087792615, 0.36130133329359676, 0.36336861825792477, 0.36606839299431093, 0.3631857625492213, 0.36694739073258625, 0.3633332636865926, 0.3607624487889317, 0.36200441511870685, 0.3635036022163978, 0.3638922590206223, 0.3601105912789172, 0.3667808255944109, 0.35974317426693375, 0.3623476456967247, 0.3595256301795549, 0.3597354352352207, 0.3624945348704513, 0.36617091045656275]
mean: 0.36256738316026416
lb: 0.36176549659369883  ub: 0.3633692697268295
lb: 0.3617654965936989  ub: 0.36336926972682954
ci_lb: 0.0016037731331306482
ci_ub: -0.0016037731331306482
Points:  6
a: [0.37467897369482867, 0.3792622645073658, 0.3737592090064454, 0.3733147311501039, 0.3743459370522175, 0.3760476069712368, 0.3732103723685726, 0.375094214017708, 0.3753431272679755, 0.37700509152807044, 0.37759258526667705, 0.3735596399482724, 0.37310994601726544, 0.3771189075559393, 0.37405637397426356, 0.3807357569384259, 0.37835611716344175, 0.378214871566332, 0.3737575965528517, 0.37627938123590327, 0.3733360254761168, 0.37328242987000093, 0.37510809167880105, 0.3735446794151557, 0.3735178233750833, 0.3745228819838695, 0.37495771374637116, 0.3765789883367429, 0.37499419627675035, 0.3739369672241836]
mean: 0.3752874167055658
lb: 0.3745330096172761  ub: 0.37604182379385553
lb: 0.374533009617276  ub: 0.3760418237938554
ci_lb: 0.0015088141765794427
ci_ub: -0.0015088141765794427
Points:  7
a: [0.4006431401073742, 0.40294267111090004, 0.4015065130269071, 0.4009743439478585, 0.4070878562580842, 0.4016190068745995, 0.401606167299209, 0.40119428953172287, 0.4032786781947934, 0.4016460019884925, 0.40098460631971566, 0.40118516021557393, 0.407191888283776, 0.40103909064188076, 0.40081612153284457, 0.40474724166852805, 0.40074845745833815, 0.4017173629457662, 0.4024118968353614, 0.40082001641024984, 0.40509582848537395, 0.40473900994472983, 0.40062864402432385, 0.4008632469925254, 0.40387552491302703, 0.4005429724634439, 0.4015629448140541, 0.4076679275887005, 0.4035343468392775, 0.4016890600971605]
mean: 0.4024786672271531
lb: 0.4016937305819063  ub: 0.40326360387239985
lb: 0.40169373058190644  ub: 0.40326360387239996
ci_lb: 0.0015698732904935175
ci_ub: -0.0015698732904935175
Points:  8
a: [0.4542462779612028, 0.45448342706001565, 0.4584312432493201, 0.4576913533366356, 0.4554342441591224, 0.4557659479608233, 0.45506477088093317, 0.45769675443867897, 0.454233145813103, 0.4545878119055988, 0.45501845507890576, 0.4541099216966381, 0.4563935231528448, 0.4565134377077513, 0.4544153308134678, 0.45853200708958314, 0.4585044926654186, 0.4541604627857276, 0.4561103734046768, 0.4584296434809918, 0.45531386477668107, 0.455778638057077, 0.4544834417944962, 0.45410071625467974, 0.45414087166931116, 0.4541221793336272, 0.4581472670477053, 0.4541524844552932, 0.4552610210298765, 0.45535468976782645]
mean: 0.4556892599609338
lb: 0.4550995075253516  ub: 0.45627901239651597
lb: 0.45509950752535155  ub: 0.4562790123965159
ci_lb: 0.0011795048711643608
ci_ub: -0.0011795048711643608
Points:  9
a: [0.48827374516248045, 0.4821190175424083, 0.4841044251620548, 0.4830073640475728, 0.4844224490444463, 0.48318955117414025, 0.4820818467657792, 0.48433786065958206, 0.4821989397277288, 0.4892910771374028, 0.48425248638883867, 0.4843913372606765, 0.4843075012619387, 0.4818766084213519, 0.48380676952378115, 0.48649481451179555, 0.48192618213862576, 0.48402650081726395, 0.48549669660419204, 0.48406825207067317, 0.48225941137706246, 0.48178474654856457, 0.48183471130344385, 0.48730115654274, 0.4831826048166357, 0.48257217571318384, 0.48310952710426835, 0.48214367282340526, 0.48890178763810926, 0.48463457466325754]
mean: 0.4840465931317801
lb: 0.4832525722800912  ub: 0.484840613983469
lb: 0.4832525722800912  ub: 0.484840613983469
ci_lb: 0.001588041703377785
ci_ub: -0.001588041703377785
