Points:  0
a: [0.3799141145809788, 0.3838534804609926, 0.380751751862767, 0.3833892349084891, 0.38776754828987997, 0.37976325347424766, 0.37996231722710905, 0.3820324648117278, 0.38128324972764394, 0.3862038295787844, 0.3828696607399021, 0.3811862938257555, 0.37983167616493213, 0.37987503060584826, 0.38190594297970437, 0.38875737334811433, 0.38037386383204663, 0.3802282623606519, 0.38014847264362556, 0.3816814078353553, 0.3815641241489555, 0.3833047423622607, 0.37996458296234303, 0.38027882090853615, 0.38145585274044286, 0.3805739069317692, 0.38247185142115814, 0.3801159911618173, 0.3836346183469832, 0.3803236432451549]
mean: 0.3818489121162659
lb: 0.3809789874386117  ub: 0.38271883679392016
lb: 0.3809789874386117  ub: 0.38271883679392016
ci_lb: 0.0017398493553084649
ci_ub: -0.0017398493553084649
Points:  1
a: [0.4147745605553583, 0.41862036391959123, 0.4171053829500538, 0.41551231732711347, 0.41578527155513617, 0.4210720655695894, 0.41458676794309257, 0.41910311025451646, 0.4177508106259627, 0.4179383068138068, 0.4170362829400812, 0.4149785581654849, 0.4158523245601314, 0.4167320435812535, 0.4161357381542194, 0.42303186557039574, 0.4159109413210794, 0.42000655980716833, 0.41481400062151835, 0.41818023643469254, 0.41538148042723305, 0.4189627317603271, 0.4158269930203155, 0.41782201302815003, 0.41651834306050733, 0.41773122861494477, 0.4150379795099107, 0.41876294149901505, 0.41464310520969, 0.41956549729458464]
mean: 0.4171726607364975
lb: 0.41639418582165993  ub: 0.41795113565133507
lb: 0.41639418582165993  ub: 0.41795113565133507
ci_lb: 0.001556949829675136
ci_ub: -0.001556949829675136
Points:  2
a: [0.4373931289887229, 0.43959548830787093, 0.43604057605344754, 0.43732472451317445, 0.4337521188003971, 0.4340119409099383, 0.43387586529451394, 0.43427656233241596, 0.4357449338224384, 0.43488400537065, 0.4340309901533104, 0.4347163944133711, 0.433994896183633, 0.44015566884190416, 0.4356036616808977, 0.43893489579528777, 0.44174352956469193, 0.43410025108773215, 0.4336420435649944, 0.43758179441401296, 0.4343572528303922, 0.43456684740497364, 0.4348495944251886, 0.43491742534558414, 0.4410536714910871, 0.435487251607975, 0.437451200737379, 0.43482799470534517, 0.4370827460176855, 0.44262720051537935]
mean: 0.4362874885058133
lb: 0.4353221697826191  ub: 0.43725280722900745
lb: 0.4353221697826191  ub: 0.43725280722900745
ci_lb: 0.001930637446388328
ci_ub: -0.001930637446388328
Points:  3
a: [0.45670500513941253, 0.4563035398804659, 0.4556661030820212, 0.4561028748448655, 0.45812547319589997, 0.4593355574919825, 0.45682887104265346, 0.4627358685127704, 0.4581946868769189, 0.4556524614001352, 0.45614580336435895, 0.45734167981037394, 0.45986583179219837, 0.4580113573335856, 0.4561122790235564, 0.45608065693826, 0.4557467522150111, 0.4558050152580329, 0.459488015103622, 0.45630569619353695, 0.4625825337356353, 0.4578549113227664, 0.4554534659474551, 0.4585214773531346, 0.45599733291789146, 0.4576368168366788, 0.4574370344802839, 0.4569651747738934, 0.45563675014519617, 0.455722108849135]
mean: 0.4573453711620578
lb: 0.45663297448118123  ub: 0.4580577678429344
lb: 0.4566329744811811  ub: 0.4580577678429343
ci_lb: 0.0014247933617531627
ci_ub: -0.0014247933617531627
Points:  4
a: [0.4899905905866044, 0.4888151746512354, 0.4888551950333621, 0.4903563275417307, 0.4892853657211651, 0.49438516637982155, 0.4890715839937381, 0.48969478517218074, 0.48999887270513703, 0.4922212906231663, 0.49817640075562114, 0.4924210978720998, 0.4892040775149846, 0.490372421033371, 0.49026018433688257, 0.48881093177321533, 0.489997130427887, 0.49256259870717756, 0.4891107212559068, 0.4897954867385324, 0.49411671587134753, 0.48984153566722544, 0.4929562282213983, 0.49211572742146453, 0.48988089384918576, 0.4907558800317388, 0.49315870324713473, 0.49107953732017967, 0.4889388673584371, 0.49297365701131013]
mean: 0.49097343829410806
lb: 0.49016988261531313  ub: 0.491776993972903
lb: 0.4901698826153132  ub: 0.49177699397290303
ci_lb: 0.001607111357589841
ci_ub: -0.001607111357589841
Points:  5
a: [0.5360896738962824, 0.5376520009974926, 0.5360545024120306, 0.5414599817413143, 0.5366859367427963, 0.5417346880285531, 0.5364294196943578, 0.5406180291669099, 0.5366281501751287, 0.5360265990640521, 0.5362033470717205, 0.5385159763497357, 0.5386157799485093, 0.5402139292712224, 0.5377172013193869, 0.5386510053108019, 0.543459917877853, 0.5365603508951479, 0.537242432623504, 0.538985895394339, 0.5413862855565548, 0.5359338196611454, 0.5369157500392552, 0.5369315177560573, 0.5393924551323386, 0.5370976885227062, 0.5375913383490987, 0.5388612737185914, 0.5390391180134262, 0.5370059795391418]
mean: 0.5381900014756484
lb: 0.5374441347067509  ub: 0.538935868244546
lb: 0.5374441347067508  ub: 0.5389358682445459
ci_lb: 0.0014917335377950813
ci_ub: -0.0014917335377950813
Points:  6
a: [0.5433112316524665, 0.5448689946086391, 0.5520404273003723, 0.5483752775506666, 0.5450937724704579, 0.5438949661543064, 0.5434410555216789, 0.5458002046144979, 0.5447659974614432, 0.5500386834778297, 0.5446507684941039, 0.5431448239907396, 0.5428861832077766, 0.5432268217630326, 0.5458476502708265, 0.5449358250785452, 0.5432120986988999, 0.5468834625968358, 0.5428334646715324, 0.5435422504970605, 0.5451569598883526, 0.5449576907941045, 0.5431484576940402, 0.5466222526655855, 0.5439966997042563, 0.5435677244664403, 0.5436598878359832, 0.5461755651993819, 0.5444183664770681, 0.5445699623603306]
mean: 0.5449689175722418
lb: 0.5441727142776622  ub: 0.5457651208668213
lb: 0.5441727142776622  ub: 0.5457651208668213
ci_lb: 0.0015924065891590455
ci_ub: -0.0015924065891590455
Points:  7
a: [0.5517351032596519, 0.5562197668551592, 0.5561004029205414, 0.5529456202223089, 0.5523470824794621, 0.5510980052612899, 0.5544777505754425, 0.5578542849200021, 0.5593790035652847, 0.551098023498494, 0.553859270748191, 0.5541478646885175, 0.5514496148752612, 0.555167039383287, 0.5535700637520028, 0.5552761613711261, 0.5518733313366508, 0.555092996486834, 0.5518573996789345, 0.5582326953548946, 0.5512843840154171, 0.5509887164966389, 0.55117031271914, 0.5509711907669715, 0.5552652420358055, 0.5518182869318516, 0.5515254794244167, 0.5510371244553516, 0.5517776336875937, 0.557784923461231]
mean: 0.5535801591742584
lb: 0.552634539291384  ub: 0.5545257790571329
lb: 0.552634539291384  ub: 0.5545257790571329
ci_lb: 0.0018912397657488977
ci_ub: -0.0018912397657488977
Points:  8
a: [0.6186141222831042, 0.6155984949657851, 0.6155016878934614, 0.617572429772411, 0.6150229293134833, 0.6142070938002919, 0.6158734939425937, 0.6157645013163158, 0.6159439199504115, 0.6152087441124596, 0.6155761386978422, 0.6210424918457345, 0.6182400765405692, 0.6147843766722086, 0.6157395441177248, 0.6161768798061122, 0.6164695704651307, 0.6189595965566131, 0.6155749333618666, 0.6142384176166532, 0.6154385610961695, 0.6146550831805409, 0.6144226534834347, 0.6162861744151198, 0.6143436226651948, 0.6169380783737537, 0.6148918967583896, 0.6169122129681435, 0.6180048150528316, 0.6153729613077155]
mean: 0.6161125167444023
lb: 0.615518211681723  ub: 0.6167068218070815
lb: 0.615518211681723  ub: 0.6167068218070815
ci_lb: 0.0011886101253584247
ci_ub: -0.0011886101253584247
Points:  9
a: [0.703649541440485, 0.7076128485915537, 0.7098461927931272, 0.7041457650318057, 0.7036957729659287, 0.7065093228858013, 0.7051911075080253, 0.7064909648204525, 0.7038613494364021, 0.7047516411816275, 0.7053183607779785, 0.7045507710266302, 0.7058033672965627, 0.7113410646049273, 0.7093040369897244, 0.7063639686657923, 0.7050888814114376, 0.710278736258371, 0.7052512695442865, 0.7104494562784748, 0.7044212647979786, 0.7044965652905789, 0.7041741347869425, 0.7072719682256127, 0.705298949379553, 0.7035678825170703, 0.7038111504484099, 0.7039694965772764, 0.7036146236909928, 0.7043231735195062]
mean: 0.7058151209581105
lb: 0.7049570685525234  ub: 0.7066731733636976
lb: 0.7049570685525233  ub: 0.7066731733636975
ci_lb: 0.001716104811174235
ci_ub: -0.001716104811174235
