Points:  0
a: [0.39422650240013357, 0.40229372708758615, 0.3944685670784271, 0.3945866737119086, 0.39722499397305794, 0.3946598633368207, 0.394966093459238, 0.394629457640924, 0.3959782271260575, 0.39664251113630833, 0.3976598963635212, 0.39448486611768724, 0.39653796367631816, 0.39953858881010723, 0.3942902177683768, 0.3994056805962, 0.39583152751932654, 0.3947797406832544, 0.39403864835914093, 0.39473998655778586, 0.3992000220907511, 0.3944125590730239, 0.39412708295349047, 0.3980840470296512, 0.39739317245787487, 0.398976972335618, 0.39785729799382114, 0.39495289515328097, 0.3954407713622252, 0.39500150424670294]
mean: 0.396214335269954
lb: 0.3954268351221719  ub: 0.39700183541773604
lb: 0.3954268351221719  ub: 0.39700183541773604
ci_lb: 0.0015750002955641218
ci_ub: -0.0015750002955641218
Points:  1
a: [0.43122415661239144, 0.43241444362109166, 0.43254077121157064, 0.43092664082428433, 0.4337205576792829, 0.43485771961933734, 0.4364852222756891, 0.43252373204991496, 0.4323308706940457, 0.4314532091492575, 0.4310083985287913, 0.4381574905730867, 0.43640258141685295, 0.4335028379466458, 0.43237848090983416, 0.4382015415675468, 0.43476249475919615, 0.4339607544733064, 0.43481724514690234, 0.4311242341353773, 0.4315573850523579, 0.4313356242345809, 0.4345540157194011, 0.43157813400023226, 0.4358748129365962, 0.43230642255261126, 0.4355418122852417, 0.43607901256334947, 0.434139248458063, 0.43102675935131296]
mean: 0.4335595536782718
lb: 0.43274602076748114  ub: 0.4343730865890625
lb: 0.43274602076748114  ub: 0.4343730865890625
ci_lb: 0.0016270658215813416
ci_ub: -0.0016270658215813416
Points:  2
a: [0.48775544873290577, 0.4894009683766727, 0.48775141016592327, 0.48937035258437667, 0.4885940583085005, 0.49026521052558175, 0.49225772976888216, 0.49016157935170046, 0.4880068986874417, 0.48750309781971707, 0.489815089484357, 0.49071956141167933, 0.49353724152840067, 0.4883818742479691, 0.48838676871339726, 0.4875511919680033, 0.49012929128612626, 0.48893997825954905, 0.49030090500215195, 0.4899515862517743, 0.49126260934050753, 0.49113809510921824, 0.49381418519132847, 0.49587616162000414, 0.49047560931602596, 0.49076111600488326, 0.489826032432141, 0.49349311069574375, 0.49091723699414225, 0.4931052168171363]
mean: 0.4903149871998747
lb: 0.48953586848365804  ub: 0.4910941059160914
lb: 0.48953586848365793  ub: 0.49109410591609126
ci_lb: 0.0015582374324333292
ci_ub: -0.0015582374324333292
Points:  3
a: [0.5408835108027497, 0.5410631039179958, 0.5409664218110205, 0.5432852067987656, 0.5460236242892885, 0.5458872389738048, 0.54666568563743, 0.5411414371824369, 0.5424323232173136, 0.5414865940491645, 0.5467726690451481, 0.5410281122542853, 0.5441518905168644, 0.5434124389103467, 0.5408530181901663, 0.5501045431859054, 0.5444457563492076, 0.5408740149320933, 0.5451081324532393, 0.5437154037277011, 0.5449811403583252, 0.5459716065941461, 0.5426798674195052, 0.5408499131235365, 0.544691917966001, 0.5408632937405551, 0.5412854579484138, 0.5435881495492362, 0.5429493065639431, 0.5408548184390084]
mean: 0.5433005532649199
lb: 0.5424077440734947  ub: 0.5441933624563451
lb: 0.5424077440734947  ub: 0.5441933624563451
ci_lb: 0.0017856183828504069
ci_ub: -0.0017856183828504069
Points:  4
a: [0.5736144161237008, 0.5733911007323287, 0.5741336931389005, 0.5720243587253322, 0.5758427622908796, 0.5721835379817111, 0.5741499023396462, 0.5793030941113076, 0.570794604059007, 0.5707218827828656, 0.5715401687758478, 0.5735761874923505, 0.576488007160848, 0.5722505751852422, 0.5726661139643416, 0.5707407076519491, 0.5713851500094622, 0.5771726658620108, 0.5733620414327129, 0.5710783171147676, 0.574150751278644, 0.5712208385633454, 0.5782427734687494, 0.5748544930501963, 0.5771404199797776, 0.5731444369332043, 0.5711300877798821, 0.5767641557616301, 0.573838561602109, 0.5722634380705853]
mean: 0.5736389747807777
lb: 0.5727452931866416  ub: 0.5745326563749139
lb: 0.5727452931866416  ub: 0.5745326563749139
ci_lb: 0.0017873631882723284
ci_ub: -0.0017873631882723284
Points:  5
a: [0.5998421907808786, 0.5942024472540803, 0.5934330474403179, 0.5942181690967978, 0.5936601608164591, 0.593373171267234, 0.594311993216997, 0.593441056870348, 0.5943315749133192, 0.5968543701437486, 0.5965109362001664, 0.5946991579939688, 0.5933204268021678, 0.5950993857871906, 0.5947676127593671, 0.5933268062684036, 0.5954955676513186, 0.5998869086711727, 0.5935455647897662, 0.5982142764394636, 0.6003486852437206, 0.5946575892092909, 0.5941804491620567, 0.5947636225525507, 0.5946414378183412, 0.5963977404531032, 0.5943680593551998, 0.5933025496512425, 0.5949271514313763, 0.5951621242254079]
mean: 0.5951761411421818
lb: 0.594426342355318  ub: 0.5959259399290455
lb: 0.594426342355318  ub: 0.5959259399290455
ci_lb: 0.0014995975737275291
ci_ub: -0.0014995975737275291
Points:  6
a: [0.6437241059281205, 0.647378182913886, 0.6427080301769847, 0.6484273324272822, 0.6430448534456222, 0.6429596985377067, 0.6446774642640016, 0.6443943324638962, 0.6462528276339385, 0.6427854312861733, 0.6494188934913983, 0.6459796779005449, 0.6431195419550791, 0.6443240482418934, 0.644048692860488, 0.6432881640154305, 0.6427697432814239, 0.6493740812375189, 0.6430812724368873, 0.6430227864718973, 0.6440665734187533, 0.6437989306618491, 0.6435533182562516, 0.6435279942087955, 0.643429798444764, 0.6469520431058308, 0.6434309103196865, 0.6457975512641723, 0.6429439622581289, 0.646717300168372]
mean: 0.6446332514358928
lb: 0.6438790244633618  ub: 0.6453874784084238
lb: 0.6438790244633618  ub: 0.6453874784084238
ci_lb: 0.0015084539450620493
ci_ub: -0.0015084539450620493
Points:  7
a: [0.7127389962795337, 0.7107260640332737, 0.7128704477404004, 0.7110776101850939, 0.710884831686004, 0.7116461646428244, 0.7131292283000754, 0.712604357344662, 0.7132945830894042, 0.7123484914149704, 0.710228415125457, 0.7143161548428218, 0.7100123192586291, 0.7106512686318092, 0.7099560042448209, 0.7137619639478568, 0.7099800236936742, 0.7145205732870038, 0.7109156570360576, 0.710072797733285, 0.7122981998712317, 0.7102641870258997, 0.7142481393902118, 0.7113719236929745, 0.7126326650989089, 0.7113850275396163, 0.7105678399228259, 0.7100450426480477, 0.7108293910048072, 0.7100172832110884]
mean: 0.7116465217307757
lb: 0.7110995801059407  ub: 0.7121934633556107
lb: 0.7110995801059407  ub: 0.7121934633556107
ci_lb: 0.00109388324967008
ci_ub: -0.00109388324967008
Points:  8
a: [0.7653796444411731, 0.7668207965259983, 0.7702681286776702, 0.7660085687123694, 0.7632067310421948, 0.7651095896422455, 0.7669274208429717, 0.7633022670935284, 0.7685160329175083, 0.7626755889614394, 0.7627783828627638, 0.762903200557586, 0.7633165001158798, 0.765664091808395, 0.7628644606160788, 0.7630518793175375, 0.7638632054524827, 0.7704686782726973, 0.7652361119863251, 0.7669435679214422, 0.7654453553998326, 0.7646041915644286, 0.7634232961024467, 0.763850288215378, 0.7698219764997734, 0.7627679146968268, 0.7666889028236041, 0.7625758637346682, 0.7645746382780886, 0.769762990003236]
mean: 0.765294008836219
lb: 0.764370944640647  ub: 0.766217073031791
lb: 0.7643709446406469  ub: 0.7662170730317909
ci_lb: 0.001846128391143953
ci_ub: -0.001846128391143953
Points:  9
a: [0.8298724566238149, 0.8301398836122004, 0.8298661175471874, 0.8269312991346781, 0.8340693198462313, 0.8285550877617742, 0.8292572659474415, 0.8268274643412695, 0.8277074174817051, 0.8324058879131218, 0.827024291219433, 0.8280620785782128, 0.8282457976401806, 0.8269248997795662, 0.8307826821208049, 0.8289159919272896, 0.8327636677867503, 0.8283438982308001, 0.8314199614038063, 0.8281838168882167, 0.828332583919712, 0.827041191847005, 0.8293369428570365, 0.8340230508584887, 0.8285980574344656, 0.8309870180720749, 0.8316102925431639, 0.8271753571644166, 0.8272091599178689, 0.8342654654196766]
mean: 0.8294959468606131
lb: 0.8286398402428498  ub: 0.8303520534783765
lb: 0.8286398402428496  ub: 0.8303520534783764
ci_lb: 0.0017122132355267272
ci_ub: -0.0017122132355267272
