Points:  0
a: [0.15073680174479012, 0.15307093667296415, 0.1514775943215761, 0.15314376375302563, 0.152780631725936, 0.15497606012863635, 0.15066849502767013, 0.15424684138098485, 0.15354196282606208, 0.15307641996028024, 0.1517348410639464, 0.15109729732239668, 0.1508079598377973, 0.15733346766959147, 0.15101353875197107, 0.15766767378300778, 0.15057298943272907, 0.15065338565561195, 0.150836808089524, 0.15053330437844395, 0.15275443064903824, 0.1517991826908757, 0.15100172865323813, 0.15370016503478842, 0.15181709134319424, 0.1534330728920946, 0.15856120534059917, 0.153173081947989, 0.15644953837011488, 0.150625298202339]
mean: 0.15277618562170722
lb: 0.1519270275661634  ub: 0.15362534367725106
lb: 0.1519270275661634  ub: 0.15362534367725106
ci_lb: 0.0016983161110876721
ci_ub: -0.0016983161110876721
Points:  1
a: [0.1641276016094288, 0.1645747556454135, 0.16150686977492584, 0.16388823659724255, 0.1605902002306782, 0.1653634467038403, 0.16093037718040387, 0.16364518149420146, 0.1621274164381442, 0.16038591703498709, 0.16826203394436667, 0.1637558090704455, 0.16216391841050265, 0.16194444115812323, 0.16277323383053682, 0.16208017208220937, 0.16145835947553613, 0.16211975433929485, 0.16253262521219777, 0.16111680340052034, 0.16368880441832911, 0.16145345248923776, 0.16656749333579088, 0.1602080719347759, 0.16033570325040555, 0.16786455489455193, 0.16045004936580248, 0.16140936082553003, 0.161523584015691, 0.16614571835092956]
mean: 0.1628331315504681
lb: 0.16200462298626303  ub: 0.16366164011467318
lb: 0.16200462298626303  ub: 0.16366164011467318
ci_lb: 0.0016570171284101542
ci_ub: -0.0016570171284101542
Points:  2
a: [0.17207658113912758, 0.17506479817076892, 0.17812394076272692, 0.17607260416937615, 0.17206129052046823, 0.17552143189663139, 0.17219632308263347, 0.17279460314792983, 0.1752508073483419, 0.1796257315636332, 0.17324625720717257, 0.17487066671951562, 0.17236725912459572, 0.17282433316485188, 0.1776249353988756, 0.17841437738019816, 0.17392803283716066, 0.1728040822669436, 0.1751669020927692, 0.17288133585278023, 0.17506369817402212, 0.17357751063899524, 0.1753282314739004, 0.1740938580626032, 0.17836456759531577, 0.17289937578593603, 0.17962001653130233, 0.17332475418778817, 0.1734359755964062, 0.17659213144646665]
mean: 0.1748405471113079
lb: 0.1739817285179164  ub: 0.17569936570469938
lb: 0.17398172851791638  ub: 0.17569936570469935
ci_lb: 0.001717637186782972
ci_ub: -0.001717637186782972
Points:  3
a: [0.18815290775699733, 0.18871826189306118, 0.18825043570411587, 0.18848095496001627, 0.18917485619015212, 0.1901376702106871, 0.19131270590724314, 0.19209895025190935, 0.192897674911328, 0.19588983477532554, 0.18953933103761544, 0.19739229274049377, 0.19190788998226788, 0.1899114109062205, 0.18929463459143217, 0.19006352199939255, 0.18850781751741671, 0.1912965325366214, 0.19082997492686835, 0.19282317095098095, 0.1886469180286254, 0.19047847842167578, 0.19036504198619467, 0.19143711730942953, 0.18929595852873998, 0.19409376054039648, 0.18825229659716855, 0.1886763477643526, 0.18961304067443452, 0.18870623509390985]
mean: 0.19054153415650238
lb: 0.18968874513358508  ub: 0.19139432317941968
lb: 0.18968874513358516  ub: 0.19139432317941976
ci_lb: 0.0017055780458345993
ci_ub: -0.0017055780458345993
Points:  4
a: [0.1906058722073988, 0.1934996582329292, 0.19064545705781086, 0.1909300283079329, 0.19467798680552678, 0.1918405324581222, 0.19341155756684428, 0.19437990441512074, 0.19336972659390275, 0.19671113866575352, 0.19040924597426834, 0.19198464328316525, 0.19728311008804286, 0.1926925924830369, 0.19102676318521444, 0.1941472344988663, 0.19089111766501113, 0.19038854251716314, 0.1911667498640813, 0.19131991493478054, 0.19134486713722876, 0.19034769166116755, 0.1912375437578614, 0.1927838400567036, 0.19483880760312208, 0.19156696875118065, 0.19057210323302992, 0.19072227253170868, 0.19433036348824198, 0.1926243144938869]
mean: 0.1923916849839701
lb: 0.19168099417807719  ub: 0.19310237578986303
lb: 0.19168099417807719  ub: 0.19310237578986303
ci_lb: 0.0014213816117858435
ci_ub: -0.0014213816117858435
Points:  5
a: [0.2200286830050555, 0.21250484847767687, 0.21356863023860967, 0.2125065588302236, 0.2130992671711572, 0.21405684114501144, 0.21441959902582258, 0.2170577152061304, 0.21383013774905538, 0.21765544569357873, 0.21439497022412884, 0.2208851851899561, 0.212591246950588, 0.21452914042394278, 0.21313120846158803, 0.21394574094554653, 0.2130290447046581, 0.21808954135846556, 0.213724901482955, 0.21411830488714664, 0.22246167956975071, 0.21613465449312347, 0.2139574900433772, 0.21301704779181913, 0.2136366871278036, 0.21508236171964948, 0.21323394764911824, 0.21262808336837166, 0.21410421594105708, 0.21916449464366486]
mean: 0.21501958911730104
lb: 0.21401604711430014  ub: 0.21602313112030194
lb: 0.21401604711430017  ub: 0.21602313112030197
ci_lb: 0.0020070840060018025
ci_ub: -0.0020070840060018025
Points:  6
a: [0.2316660887756742, 0.2290677088871576, 0.235084870600681, 0.23800806949200973, 0.23737961486908393, 0.23230294340050406, 0.22974956143492828, 0.2315908647932659, 0.23742329437753285, 0.22945730826166313, 0.2290019563225175, 0.22905009833520654, 0.2291270462835534, 0.22936777939882932, 0.2296662418967556, 0.23097085581820967, 0.23473364189472434, 0.22904763243654347, 0.23107044134360882, 0.22905775057339636, 0.22909302980824023, 0.2293798736278311, 0.23163268273840137, 0.23028685384167394, 0.23198280342826225, 0.2296654211279113, 0.23368781161864607, 0.22956789489169419, 0.22954048230253282, 0.23120715737444802]
mean: 0.2312955926651829
lb: 0.2302813702228975  ub: 0.23230981510746831
lb: 0.2302813702228975  ub: 0.23230981510746831
ci_lb: 0.0020284448845708236
ci_ub: -0.0020284448845708236
Points:  7
a: [0.24646671866875705, 0.2456099593087784, 0.24907140363942298, 0.2450300586549897, 0.24476085083535637, 0.24555152878424383, 0.24483372697566796, 0.24512711269940388, 0.24527539318390768, 0.2470755809508812, 0.24471644938061568, 0.25120583188564594, 0.24433941966131192, 0.24592375111406348, 0.2502259648394124, 0.24766540710519908, 0.24443090609049595, 0.24667919035198305, 0.24494611414115913, 0.24536192864052656, 0.24543663040023314, 0.24538547046519277, 0.24619493794405192, 0.24949562714118215, 0.24920977423337945, 0.2450830228459566, 0.2442403456578455, 0.24498321644273083, 0.24656006709420164, 0.24625183334117665]
mean: 0.24623794074925912
lb: 0.24554532422550557  ub: 0.24693055727301266
lb: 0.24554532422550557  ub: 0.24693055727301266
ci_lb: 0.001385233047507095
ci_ub: -0.001385233047507095
Points:  8
a: [0.25460010632950564, 0.2546530988277813, 0.2553881738965989, 0.2605363723282619, 0.2556966600844716, 0.2549064659776569, 0.2547280501213222, 0.2598102629583997, 0.2548170775996156, 0.25841313779742564, 0.2556688107660872, 0.25492223303846656, 0.2548980020430473, 0.2574469330069142, 0.25995788248695306, 0.2589357268388532, 0.25807270639470764, 0.25451214797623734, 0.25840821003845144, 0.25600683384640166, 0.25532509340978976, 0.2625412525290536, 0.2581452921221709, 0.2549666760707627, 0.2553638749116454, 0.2560290826361089, 0.25527565671386343, 0.25553587729013816, 0.2560849664549091, 0.2551985623940183]
mean: 0.2565615075629873
lb: 0.2557654729155957  ub: 0.2573575422103789
lb: 0.25576547291559576  ub: 0.25735754221037893
ci_lb: 0.0015920692947831716
ci_ub: -0.0015920692947831716
Points:  9
a: [0.26238108946022404, 0.2701163019376334, 0.26267893367549716, 0.26624101713296006, 0.2630309745289869, 0.2647387571143102, 0.26525475572979007, 0.26614561865038816, 0.2653172986018234, 0.26971461021665033, 0.2642196595912744, 0.26240382932262374, 0.26236063448669844, 0.2630634271436612, 0.26237166125730815, 0.26722974035874425, 0.26420772942311643, 0.2638394646412025, 0.2653817720173011, 0.2620643030914716, 0.26509259554989534, 0.2629663004850452, 0.26403318085525634, 0.26238065096848645, 0.26539341168685454, 0.2688550456413693, 0.262990539026349, 0.2646752836806731, 0.2631201355446677, 0.2657110690745592]
mean: 0.26459932636316075
lb: 0.26378293833313904  ub: 0.26541571439318246
lb: 0.2637829383331391  ub: 0.2654157143931825
ci_lb: 0.0016327760600434171
ci_ub: -0.0016327760600434171
