Points:  0
a: [0.12396151119356791, 0.12055664572463277, 0.12360850323221129, 0.12839301308794213, 0.1266206819246116, 0.12588713250019617, 0.12561031255339258, 0.1244975271112752, 0.12296700147476262, 0.12445239058847414, 0.12166412848236145, 0.1272704046821661, 0.12586681064515887, 0.12214857937628679, 0.12078960407346051, 0.12127117303205022, 0.12641382479817578, 0.12247579331922032, 0.12203105767488424, 0.12316805369826747, 0.12099975205549339, 0.12050590509305394, 0.12306787631068568, 0.12159688430916538, 0.12080995766573922, 0.12073309356098721, 0.12074707463347147, 0.12826743513404698, 0.12615247543355465, 0.1265566589767808]
mean: 0.12363637541153591
lb: 0.12269558376260356  ub: 0.12457716706046826
lb: 0.12269558376260353  ub: 0.12457716706046823
ci_lb: 0.0018815832978646974
ci_ub: -0.0018815832978646974
Points:  1
a: [0.12021913898461474, 0.12775334799000862, 0.1203195471808519, 0.12024978298668129, 0.1281969832203318, 0.1214351929012489, 0.12064961639541631, 0.12142787592577951, 0.12084023302822786, 0.1217382838406834, 0.12808460263460825, 0.12373761992414513, 0.1212066354756156, 0.1202840082082587, 0.12241669696479433, 0.12148174575723784, 0.12303625777372446, 0.12385358890349368, 0.12093730522244264, 0.12131600759577314, 0.125071833176422, 0.121174569556506, 0.12169927541050371, 0.12489553970783002, 0.12284269406699307, 0.12272908252809134, 0.12682288448782297, 0.12134598314789372, 0.1204223318466999, 0.12138409949904008]
mean: 0.12258575881139136
lb: 0.1216798002764249  ub: 0.12349171734635782
lb: 0.1216798002764249  ub: 0.12349171734635782
ci_lb: 0.0018119170699329168
ci_ub: -0.0018119170699329168
Points:  2
a: [0.153569726136016, 0.15584585212184066, 0.15328040178678912, 0.15338901048639536, 0.15619453991532997, 0.15244451998919448, 0.155896152821759, 0.15273669821433647, 0.15381980358576597, 0.15202412823276665, 0.15908915309340926, 0.15530364701847638, 0.15589775962147778, 0.15230983452737082, 0.15320130876607574, 0.157405978276792, 0.15584462886183026, 0.15578689356134304, 0.15317412231046346, 0.15366795782724188, 0.1521506057910401, 0.15199642784228032, 0.15357037145314875, 0.1564530023771071, 0.15340898110934847, 0.15191822780197334, 0.15270100150384636, 0.15252955798600684, 0.15220206286717652, 0.15420327674402143]
mean: 0.15406718775435413
lb: 0.15337435174773242  ub: 0.15476002376097583
lb: 0.15337435174773242  ub: 0.15476002376097583
ci_lb: 0.0013856720132434108
ci_ub: -0.0013856720132434108
Points:  3
a: [0.18421347876954985, 0.18222408336058274, 0.18436946657614384, 0.18281550588112697, 0.18033915616506732, 0.1836135981326665, 0.17868800586270014, 0.17853595132271277, 0.1783017280322461, 0.18040758770070525, 0.17837033847648148, 0.1785168460657169, 0.1786395166880616, 0.1790159240686024, 0.18243863214103245, 0.18364441282295962, 0.17839579615187176, 0.1786943866274128, 0.1782772735024468, 0.18230814542457363, 0.1781418077120899, 0.182542648643233, 0.18098936870129456, 0.18112611059806485, 0.1852530381773213, 0.17877024134409994, 0.1797590398638283, 0.18021252094669868, 0.17873638522071147, 0.1842045504411883]
mean: 0.18071818484737304
lb: 0.1798564152548542  ub: 0.18157995443989186
lb: 0.1798564152548542  ub: 0.18157995443989186
ci_lb: 0.001723539185037648
ci_ub: -0.001723539185037648
Points:  4
a: [0.18103178992298463, 0.18195551995781514, 0.1827763931147441, 0.18277796100162716, 0.18098766876506653, 0.18280994255327554, 0.18315316498978826, 0.18373362942226676, 0.18064566736319412, 0.18077675881343555, 0.1814140155865795, 0.18203042001120429, 0.18055473806081263, 0.18310718612036694, 0.18540848325166884, 0.18928608497396415, 0.18083570082558914, 0.18770900910634952, 0.1814429509956464, 0.18073152968000533, 0.1809266243951823, 0.1818290047700884, 0.18095092509600266, 0.18072145067956705, 0.1807206055580843, 0.18251220728620163, 0.18642928839118106, 0.18136548866379024, 0.18544374147692336, 0.18102180792591857]
mean: 0.1825029919586441
lb: 0.1816628962854908  ub: 0.18334308763179744
lb: 0.1816628962854908  ub: 0.18334308763179744
ci_lb: 0.0016801913463066476
ci_ub: -0.0016801913463066476
Points:  5
a: [0.18962665431414494, 0.18508450277342067, 0.18321751342454234, 0.1849608056133215, 0.18646720466002611, 0.18954789563798338, 0.184362497904859, 0.1828141655626044, 0.1872111328650773, 0.18263303574790452, 0.1886595094941994, 0.18469423694241366, 0.1851859425972545, 0.18579448025293974, 0.18662916979480015, 0.18678872578118247, 0.18720870336043008, 0.1828994394783027, 0.18271744216391964, 0.1858980835041056, 0.18476685284567423, 0.19000231923934752, 0.18568772258921767, 0.182685889471675, 0.19134852137480024, 0.18541732955925116, 0.18325922447562457, 0.18397167855571397, 0.18267561724968334, 0.18456165971303692]
mean: 0.18555926523158187
lb: 0.18465492190755886  ub: 0.18646360855560487
lb: 0.18465492190755886  ub: 0.18646360855560487
ci_lb: 0.0018086866480460095
ci_ub: -0.0018086866480460095
Points:  6
a: [0.19463881320038148, 0.1947574337750137, 0.19497196744671558, 0.19523607674552046, 0.19730044036627112, 0.19480431604533946, 0.19418246809315728, 0.1949615659074003, 0.19423317935615156, 0.20370035983453455, 0.2009576446464918, 0.19568299611736945, 0.19457693563092113, 0.19582300384708953, 0.1948127875708281, 0.19620565780404722, 0.19719879003634325, 0.1953448635388227, 0.19408431485929922, 0.1969914914442697, 0.19954709029451204, 0.19677207175713174, 0.19565624337170387, 0.19463195466217217, 0.19556543304174087, 0.19648027419004746, 0.1946994175633174, 0.19523030756165588, 0.19586925535714544, 0.19552256305107713]
mean: 0.1960146572372157
lb: 0.19523086356722374  ub: 0.19679845090720766
lb: 0.19523086356722374  ub: 0.19679845090720766
ci_lb: 0.0015675873399839113
ci_ub: -0.0015675873399839113
Points:  7
a: [0.21417994404987498, 0.2149931124524205, 0.2187791543584486, 0.21488602172614127, 0.21576574068276674, 0.21497738937563646, 0.22073903007621998, 0.21908786096484337, 0.21860023113453272, 0.2157240427367618, 0.21466668713492987, 0.2142149110241986, 0.2143338714938383, 0.21609988077370304, 0.22100351873723206, 0.21583277118192484, 0.21933637124032573, 0.21567436126106537, 0.21919935772498958, 0.21540285141427049, 0.21556841095666282, 0.21856075369469227, 0.21833365248673248, 0.21538163081944434, 0.21563747181361853, 0.2185759307592646, 0.21483444631745266, 0.216868716415241, 0.21480473209965115, 0.2164694903833325]
mean: 0.2166177448430072
lb: 0.2158596910346056  ub: 0.2173757986514088
lb: 0.21585969103460562  ub: 0.21737579865140882
ci_lb: 0.0015161076168032084
ci_ub: -0.0015161076168032084
Points:  8
a: [0.22526248261792314, 0.22491969445445847, 0.22710652408936502, 0.22469435516898442, 0.22685359680267606, 0.2255020794216267, 0.2245498728124032, 0.22780139106487599, 0.22706690167375915, 0.22454305207433273, 0.22816211428850458, 0.2284799286335205, 0.22461178508039933, 0.2249448317134187, 0.22481515154699933, 0.2250997014163698, 0.22513185148831721, 0.2286598920913787, 0.22623366212652216, 0.2251142097554725, 0.2308351988948211, 0.23262950776861466, 0.22698151303522537, 0.22586987071865372, 0.22989023316216653, 0.2283186378267385, 0.230717130192634, 0.22563168966509575, 0.22737593272699164, 0.22871808151834655]
mean: 0.22688402912768652
lb: 0.2260753481392564  ub: 0.22769271011611664
lb: 0.22607534813925642  ub: 0.22769271011611666
ci_lb: 0.0016173619768602432
ci_ub: -0.0016173619768602432
Points:  9
a: [0.2303724533978789, 0.23265826319065086, 0.23180743785144947, 0.22991633340311873, 0.2307993885769179, 0.23005552336574742, 0.230682047323939, 0.23036629701942105, 0.23133690193977052, 0.23838419711001643, 0.2320831562305729, 0.23162518990492412, 0.2299374384625974, 0.2315372309088801, 0.22980706445141438, 0.2318029002716747, 0.2312592807592485, 0.23026663922716722, 0.22995159404796126, 0.2350253178859584, 0.23160471234196758, 0.2319865785019248, 0.2304149765017665, 0.2310542333302133, 0.2311648847619534, 0.2347397895232415, 0.2307896569074252, 0.2301195652131097, 0.22970089271212948, 0.2321874736614447]
mean: 0.23144791395948283
lb: 0.2307628964864961  ub: 0.23213293143246957
lb: 0.2307628964864961  ub: 0.23213293143246957
ci_lb: 0.0013700349459734862
ci_ub: -0.0013700349459734862
