Points:  0
a: [345.0024868071976, 345.02729447513104, 345.01973003848616, 345.0216167602343, 345.0135027630329, 345.04465309861257, 345.0329782405009, 345.0130842971312, 345.03940056601533, 345.0032331861079, 345.0112069248865, 345.0043486813953, 345.03214702421326, 345.05432682704674, 345.01103106087527, 345.03956074512405, 345.0073282041565, 345.00083163305527, 345.0603867756791, 345.0005794079983, 345.00435753826287, 345.0060716785794, 345.03189569085947, 345.00163662220496, 345.0213556949939, 345.0104927707704, 345.03071632375986, 345.04182475393793, 345.00757487823284, 345.0239446778997]
mean: 345.0206532715461
lb: 345.0143392465088  ub: 345.0269672965834
lb: 345.01433924650865  ub: 345.0269672965832
ci_lb: 0.01262805007456791
ci_ub: -0.01262805007456791
Points:  1
a: [560.0451997388037, 560.0281385181788, 560.0288703527165, 560.0147134883762, 560.0528849133208, 560.030732901691, 560.0033972623528, 560.0110069566532, 560.0479785257519, 560.0311071810704, 560.0440457543849, 560.0029826654757, 560.0184161451442, 560.0193055465571, 560.0152858503494, 560.0005715345416, 560.0236977557668, 560.0964202723006, 560.0439113514202, 560.001075534611, 560.0030687658551, 560.0460673966664, 560.0228349238726, 560.0366077401611, 560.0461829037926, 560.00785294507, 560.028276552362, 560.0562932007359, 560.0289777109415, 560.0285755161202]
mean: 560.0288159968347
lb: 560.0210287374384  ub: 560.036603256231
lb: 560.0210287374384  ub: 560.036603256231
ci_lb: 0.015574518792618619
ci_ub: -0.015574518792618619
Points:  2
a: [775.0024469223705, 775.0064640456238, 775.0105020160112, 775.0147982978315, 775.0378989470817, 775.0071506156293, 775.0118872529101, 775.0116844401358, 775.0318257838326, 775.0194050581838, 775.0175431786898, 775.0316991543347, 775.0651830586723, 775.0212410482419, 775.0550575338586, 775.0337036950721, 775.0116310302449, 775.0030104151913, 775.0411954061457, 775.0064717612535, 775.0242767138959, 775.0685192668254, 775.0048771944705, 775.0399805084523, 775.0274298808384, 775.0568486256396, 775.0312795427193, 775.000915483062, 775.0693081456612, 775.0145285424699]
mean: 775.0259587855118
lb: 775.0182799606523  ub: 775.0336376103712
lb: 775.0182799606523  ub: 775.0336376103712
ci_lb: 0.015357649718907851
ci_ub: -0.015357649718907851
Points:  3
a: [987.0104426173485, 987.0105678609547, 987.0160385759796, 987.010127398889, 987.0214329822696, 987.0041755543286, 987.0378539824584, 987.0021933426568, 987.019624329682, 987.0170179869463, 987.0120799772603, 987.0003165267859, 987.0234498773893, 987.0144471012835, 987.0990853504101, 987.000493459898, 987.08054843746, 987.042269972684, 987.0136108704532, 987.0064474165464, 987.0166424514356, 987.0424694166436, 987.0125180023107, 987.0014325320558, 987.0123181880248, 987.0180964197443, 987.0241005789654, 987.0261657563065, 987.0075320535796, 987.02383872099]
mean: 987.0209112580579
lb: 987.0127406638321  ub: 987.0290818522838
lb: 987.0127406638321  ub: 987.0290818522838
ci_lb: 0.01634118845163357
ci_ub: -0.01634118845163357
Points:  4
a: [1193.0081401371822, 1193.003119406685, 1193.0339877403353, 1193.0133502293154, 1193.0142331468812, 1193.0216440330012, 1193.0211302159398, 1193.032918118661, 1193.013703477041, 1193.053020335706, 1193.0004107755315, 1193.0026952477538, 1193.0659098389438, 1193.0011402298685, 1193.0052658940667, 1193.0003065110257, 1193.0526952799828, 1193.0187363463997, 1193.0831186275084, 1193.0019698095787, 1193.0359562466222, 1193.0019695266183, 1193.0942845491809, 1193.031467346972, 1193.0227546558938, 1193.0007751489943, 1193.0031989248778, 1193.0666802803078, 1193.0314860106703, 1193.0633627176442]
mean: 1193.0266476936397
lb: 1193.0166269219428  ub: 1193.0366684653366
lb: 1193.016626921943  ub: 1193.0366684653368
ci_lb: 0.020041543393745087
ci_ub: -0.020041543393745087
Points:  5
a: [1315.0354513463083, 1315.0689439657467, 1315.057085045831, 1315.0369771973976, 1315.0386373362433, 1315.0065082468632, 1315.0096371716818, 1315.0071618950622, 1315.0065978447483, 1315.0246669624837, 1315.056400022628, 1315.0517466498243, 1315.0546831003653, 1315.0344200904435, 1315.034395293863, 1315.0739997092721, 1315.0935425921655, 1315.0542835138633, 1315.0910377388643, 1315.0089312520247, 1315.0207046647324, 1315.0301466519386, 1315.022376707453, 1315.048104819184, 1315.03686690281, 1315.013922044278, 1315.0464745538338, 1315.068067125136, 1315.0052059210616, 1315.0645599489253]
mean: 1315.0400512105014
lb: 1315.0306723648955  ub: 1315.0494300561072
lb: 1315.0306723648955  ub: 1315.0494300561072
ci_lb: 0.018757691211703786
ci_ub: -0.018757691211703786
Points:  6
a: [1519.0722206801424, 1519.0047017351433, 1519.0031690993999, 1519.0352899872519, 1519.0246400028764, 1519.0014129898582, 1519.0111728453023, 1519.000236731718, 1519.0063338705788, 1519.0036577136345, 1519.0006983606804, 1519.0363417365825, 1519.0356510746522, 1519.0053097581335, 1519.00164290801, 1519.0008975241165, 1519.0064130419933, 1519.0010048625172, 1519.0052646946058, 1519.00076699055, 1519.0225331176023, 1519.0075877386676, 1519.0226953705358, 1519.0441489683246, 1519.0039962531762, 1519.0689406683834, 1519.016120290418, 1519.0079314835486, 1519.0017085251604, 1519.0489570099594]
mean: 1519.0167148677838
lb: 1519.0090829523115  ub: 1519.024346783256
lb: 1519.0090829523115  ub: 1519.024346783256
ci_lb: 0.015263830944604706
ci_ub: -0.015263830944604706
Points:  7
a: [1726.0743373594594, 1726.0154248393653, 1726.0088543952888, 1726.0199320988731, 1726.0175428813068, 1726.0301077060124, 1726.0193069095078, 1726.03792988281, 1726.0136322599658, 1726.005686706129, 1726.0235560679412, 1726.0278999464863, 1726.0070986362105, 1726.0085368364366, 1726.0150126108072, 1726.0363405328123, 1726.042555683183, 1726.0025009892809, 1726.0183370119184, 1726.0005086101794, 1726.0112819986334, 1726.0204503961388, 1726.0406019394081, 1726.0209596367556, 1726.040676081502, 1726.0596658580062, 1726.0311406798614, 1726.0728073465784, 1726.0005218353363, 1726.096609531123]
mean: 1726.0273272422442
lb: 1726.0186421253493  ub: 1726.036012359139
lb: 1726.0186421253493  ub: 1726.036012359139
ci_lb: 0.017370233789733902
ci_ub: -0.017370233789733902
Points:  8
a: [1907.0261234221236, 1907.0077151647665, 1907.0091144097912, 1907.0000060254893, 1907.0022995770858, 1907.0288169258527, 1907.0346803931639, 1907.0191009936643, 1907.0159954461997, 1907.0028766719672, 1907.0377111876353, 1907.0250224345382, 1907.0501948705453, 1907.0043031585415, 1907.0500116237988, 1907.0255610354131, 1907.024597058636, 1907.0032351104264, 1907.0163106918712, 1907.0031750311289, 1907.0116068831983, 1907.026399791927, 1907.0099737791113, 1907.0310333429343, 1907.0057829454108, 1907.0249810418954, 1907.0079643427678, 1907.0101883505502, 1907.0162055421902, 1907.0175708291965]
mean: 1907.0182852693938
lb: 1907.0131971134688  ub: 1907.0233734253188
lb: 1907.0131971134688  ub: 1907.0233734253188
ci_lb: 0.01017631185004575
ci_ub: -0.01017631185004575
Points:  9
a: [2039.0264122450587, 2039.0215895146555, 2039.0153303891923, 2039.0413924523584, 2039.0366072731754, 2039.0029160757745, 2039.0599941538526, 2039.0000984867597, 2039.0445158398456, 2039.0050711567887, 2039.006335478441, 2039.0462224813086, 2039.001066237062, 2039.0106434195652, 2039.0383555902001, 2039.0055785673364, 2039.0370757403434, 2039.05199887931, 2039.0645027712958, 2039.0001844660003, 2039.0082193365506, 2039.0311005356984, 2039.087055211727, 2039.0216597906924, 2039.031259530106, 2039.0043097091345, 2039.0000319537453, 2039.0054039759068, 2039.0014965070773, 2039.0371656693428]
mean: 2039.0247864479436
lb: 2039.0162489744569  ub: 2039.0333239214303
lb: 2039.0162489744569  ub: 2039.0333239214303
ci_lb: 0.01707494697348011
ci_ub: -0.01707494697348011
