Points:  0
a: [837.0353162037235, 837.0018684043284, 837.000884912338, 837.0485201423755, 837.0498170626458, 837.024743438818, 837.0288392065677, 837.0596480837811, 837.0273024948647, 837.0011972368529, 837.0001862955846, 837.0020173649959, 837.0167437683015, 837.0171903676368, 837.016773217458, 837.0054773948405, 837.010424713727, 837.0220889877551, 837.0873841188319, 837.0155093090223, 837.0111880091104, 837.0281835267407, 837.02404621877, 837.0118653639177, 837.0682548859163, 837.0002976556672, 837.0549309370215, 837.0051613388105, 837.0084405052859, 837.0358132089295]
mean: 837.0240038124873
lb: 837.0156225097192  ub: 837.0323851152555
lb: 837.0156225097192  ub: 837.0323851152555
ci_lb: 0.016762605536314368
ci_ub: -0.016762605536314368
Points:  1
a: [1140.001011396005, 1140.0658645222588, 1140.0388337718814, 1140.0181026486248, 1140.0591650608883, 1140.041372654962, 1140.007989801962, 1140.0269405351366, 1140.0042187581423, 1140.0557952245633, 1140.0127494672254, 1140.0571856897461, 1140.0141988141138, 1140.0089820372837, 1140.0139090127213, 1140.0001978764753, 1140.0205420273371, 1140.0255779595682, 1140.0755832231619, 1140.0008890110928, 1140.0098083613652, 1140.0282003090904, 1140.0463666024157, 1140.0311750461597, 1140.0021172384793, 1140.0112756960605, 1140.0055202601784, 1140.0505889637561, 1140.0117628328553, 1140.009583234387]
mean: 1140.0251836012635
lb: 1140.016995529277  ub: 1140.03337167325
lb: 1140.016995529277  ub: 1140.03337167325
ci_lb: 0.016376143973047874
ci_ub: -0.016376143973047874
Points:  2
a: [1450.0693438412088, 1450.0010460457443, 1450.0590847333801, 1450.0467060480023, 1450.0050191253085, 1450.0399344080529, 1450.0969024200017, 1450.0123854576307, 1450.0088291528095, 1450.0741530307007, 1450.017403720322, 1450.0548292749058, 1450.0006173810796, 1450.0183214878314, 1450.0098226207579, 1450.0277799856342, 1450.0360541396649, 1450.044828894735, 1450.0163923332523, 1450.0043836574862, 1450.0264081129455, 1450.0017245721701, 1450.0200751373575, 1450.0125558429745, 1450.001218070973, 1450.0265560614992, 1450.0036944640947, 1450.0024737206566, 1450.0059342185639, 1450.0115359136191]
mean: 1450.0252004624456
lb: 1450.0157853222963  ub: 1450.0346156025948
lb: 1450.015785322296  ub: 1450.0346156025946
ci_lb: 0.0188302802985163
ci_ub: -0.0188302802985163
Points:  3
a: [1790.076426157905, 1790.0433744928255, 1790.0184877936194, 1790.0157242424855, 1790.0340788670003, 1790.0662226277523, 1790.0213830988305, 1790.0412432445444, 1790.014134056908, 1790.026539043599, 1790.0792032439795, 1790.082400001925, 1790.0011594006792, 1790.0929589484122, 1790.069020155644, 1790.0059235416534, 1790.016166827706, 1790.0134813849077, 1790.0525517216677, 1790.0246596663105, 1790.0167611387967, 1790.009160015232, 1790.0236643695532, 1790.02536591052, 1790.0495102136397, 1790.0250644718124, 1790.009859075939, 1790.0436367702107, 1790.0066738499943, 1790.012829110195]
mean: 1790.0339221148083
lb: 1790.0242207765255  ub: 1790.0436234530912
lb: 1790.0242207765257  ub: 1790.0436234530914
ci_lb: 0.01940267656573269
ci_ub: -0.01940267656573269
Points:  4
a: [2070.042174812182, 2070.0246673746424, 2070.02212403184, 2070.0229771744166, 2070.0013649615316, 2070.0756213169925, 2070.0570826281364, 2070.0070467751925, 2070.0027153167125, 2070.0000390882133, 2070.004418660968, 2070.0001234308293, 2070.02380296845, 2070.002281508691, 2070.001517422657, 2070.0482059593087, 2070.0255949621087, 2070.006103553467, 2070.017545754085, 2070.050844030018, 2070.0676684845316, 2070.0026907807123, 2070.068578034128, 2070.0067745312776, 2070.031432741603, 2070.039956630896, 2070.000115744997, 2070.0535947987287, 2070.0078719233684, 2070.081311418107]
mean: 2070.026541560627
lb: 2070.016914751462  ub: 2070.0361683697915
lb: 2070.016914751462  ub: 2070.0361683697915
ci_lb: 0.019253618329457822
ci_ub: -0.019253618329457822
Points:  5
a: [2530.0285673807657, 2530.0533942529564, 2530.0160591349727, 2530.010101992136, 2530.036133514494, 2530.008345676116, 2530.010840515302, 2530.0188622754445, 2530.031125486945, 2530.073573185354, 2530.0655114334104, 2530.0013179714424, 2530.0053794636447, 2530.0000564157535, 2530.014758661139, 2530.0129013094634, 2530.00509966454, 2530.012334830596, 2530.0551531693372, 2530.0042536968917, 2530.0022927810874, 2530.0022145626244, 2530.0530056940092, 2530.0024935866036, 2530.0023943650594, 2530.007614938412, 2530.00238456038, 2530.0364836572253, 2530.029183098029, 2530.049796311704]
mean: 2530.021721119528
lb: 2530.0136330716946  ub: 2530.0298091673617
lb: 2530.013633071694  ub: 2530.0298091673612
ci_lb: 0.016176095667105983
ci_ub: -0.016176095667105983
Points:  6
a: [2890.012712662517, 2890.0049623220366, 2890.008610713641, 2890.006157001027, 2890.011639649286, 2890.0398665911503, 2890.0238122152055, 2890.0055812257383, 2890.005466215792, 2890.0170059596594, 2890.004231389883, 2890.00209892634, 2890.0435136229084, 2890.032146008385, 2890.0025501441237, 2890.0062985030645, 2890.0471893861036, 2890.023650639429, 2890.010478355896, 2890.0424910034394, 2890.017280486264, 2890.0623457760075, 2890.0031163084964, 2890.0681654536443, 2890.086006317676, 2890.0001787035953, 2890.0045409858085, 2890.001962820768, 2890.007033981784, 2890.0022021651316]
mean: 2890.020109851161
lb: 2890.011667832289  ub: 2890.0285518700334
lb: 2890.011667832289  ub: 2890.0285518700334
ci_lb: 0.01688403774460312
ci_ub: -0.01688403774460312
Points:  7
a: [3110.0312187678023, 3110.0139751365555, 3110.03036996586, 3110.0501808058257, 3110.0002716644917, 3110.016211346482, 3110.0284581834017, 3110.014980987882, 3110.000042319715, 3110.006875325223, 3110.060459337062, 3110.0039275302875, 3110.022015607058, 3110.0564804220776, 3110.0139089428767, 3110.0141543541317, 3110.0152911438745, 3110.0162265307263, 3110.0786238239243, 3110.0235036201234, 3110.031117919314, 3110.0008042554955, 3110.0389454813717, 3110.0072259709686, 3110.0244025256798, 3110.0002016021353, 3110.0309749842563, 3110.030776514173, 3110.0701698816392, 3110.0028150421094]
mean: 3110.024486999751
lb: 3110.0166088309734  ub: 3110.0323651685285
lb: 3110.0166088309743  ub: 3110.0323651685294
ci_lb: 0.015756337555103528
ci_ub: -0.015756337555103528
Points:  8
a: [3410.0586853358964, 3410.0061195777757, 3410.0018978378575, 3410.0328585802913, 3410.0211404961065, 3410.044119629144, 3410.0216635780066, 3410.048473358689, 3410.0015812494194, 3410.019454682877, 3410.056338887991, 3410.045063536953, 3410.013907837419, 3410.038034044376, 3410.017931768208, 3410.0547219163936, 3410.021270320059, 3410.0108087347785, 3410.0105817848457, 3410.0055799158736, 3410.0676055736976, 3410.03113238334, 3410.0072196307547, 3410.0025553728697, 3410.0179092185076, 3410.0241592208313, 3410.010928438997, 3410.031232534902, 3410.012281119663, 3410.0378798060938]
mean: 3410.025771212421
lb: 3410.018737380769  ub: 3410.0328050440735
lb: 3410.018737380769  ub: 3410.0328050440735
ci_lb: 0.014067663304558664
ci_ub: -0.014067663304558664
Points:  9
a: [3810.0175970825994, 3810.010107371264, 3810.0001432488307, 3810.040366513873, 3810.076736944579, 3810.0188378222697, 3810.059452067783, 3810.006066064308, 3810.040542579519, 3810.0259132996766, 3810.0398702274615, 3810.0229035237226, 3810.0453421735183, 3810.019619286736, 3810.010443379383, 3810.0252933936144, 3810.0081306652187, 3810.02080539024, 3810.0317390563655, 3810.0098440930547, 3810.003282240369, 3810.0000723722096, 3810.0620201898346, 3810.000664541419, 3810.033549554312, 3810.0125685065427, 3810.060125422437, 3810.068207706697, 3810.0003941157474, 3810.0066074295387]
mean: 3810.0259082087705
lb: 3810.0175892447955  ub: 3810.0342271727454
lb: 3810.017589244796  ub: 3810.034227172746
ci_lb: 0.016637927949886944
ci_ub: -0.016637927949886944
