Points:  0
a: [930.0316095047273, 930.000840551991, 930.0615752062596, 930.0105447174175, 930.0031381309432, 930.0185752408473, 930.02587829764, 930.0103515771256, 930.0498106817133, 930.0010288745096, 930.0090449365072, 930.020122202693, 930.0009154444824, 930.0268280068149, 930.0082295025368, 930.0141783440341, 930.0072652625864, 930.0591909701632, 930.0174134993385, 930.0374841472092, 930.0003207552777, 930.0089293238163, 930.0033967065266, 930.0264116923505, 930.0516960414079, 930.0088509252166, 930.0280389295175, 930.0084473385456, 930.0311347225919, 930.0684163040271]
mean: 930.0216555946273
lb: 930.0143056847256  ub: 930.029005504529
lb: 930.0143056847256  ub: 930.029005504529
ci_lb: 0.01469981980335433
ci_ub: -0.01469981980335433
Points:  1
a: [1240.0480243864083, 1240.0304421133064, 1240.0374788105253, 1240.0252484787793, 1240.0794421534367, 1240.006823567041, 1240.000212828184, 1240.0117458935756, 1240.0314403238635, 1240.0260392749826, 1240.0249156279071, 1240.001267512324, 1240.0411054447184, 1240.0481001669323, 1240.0454431494802, 1240.0706923796379, 1240.0479360708382, 1240.016502481764, 1240.0410666824362, 1240.0507573157224, 1240.015414728499, 1240.0065642924885, 1240.0616170777116, 1240.000126510964, 1240.0669891971602, 1240.0017321799758, 1240.067711663708, 1240.0666425071813, 1240.0011932026762, 1240.0168378536803]
mean: 1240.0329837958636
lb: 1240.0238900833808  ub: 1240.0420775083464
lb: 1240.0238900833808  ub: 1240.0420775083464
ci_lb: 0.018187424965617538
ci_ub: -0.018187424965617538
Points:  2
a: [1650.0382741663761, 1650.0006819843854, 1650.001619870375, 1650.0003362890836, 1650.0291724409674, 1650.0244348388662, 1650.0574328017371, 1650.003454465132, 1650.005248721493, 1650.00380747609, 1650.0084728029738, 1650.0035994184686, 1650.0090312229372, 1650.0007726841739, 1650.0148848370866, 1650.0462937068264, 1650.0190203655777, 1650.020917952988, 1650.019316874745, 1650.0303264323904, 1650.000671850338, 1650.016718495326, 1650.032911058897, 1650.0099530179814, 1650.0023619982155, 1650.002628717986, 1650.0491395367226, 1650.0254150093906, 1650.0452036968466, 1650.06781807653]
mean: 1650.0196640270303
lb: 1650.0125689158597  ub: 1650.026759138201
lb: 1650.0125689158594  ub: 1650.0267591382008
ci_lb: 0.01419022234131262
ci_ub: -0.01419022234131262
Points:  3
a: [1990.0501931384906, 1990.023180454012, 1990.0265492838, 1990.0524172089079, 1990.0280286127506, 1990.0303762499404, 1990.0307781718632, 1990.0096057985552, 1990.020123793568, 1990.0049499698844, 1990.0009958717699, 1990.0290720144646, 1990.0255210827668, 1990.0209481843885, 1990.052228097355, 1990.0209845334641, 1990.0406065922775, 1990.0018133290366, 1990.00055708405, 1990.0019812564815, 1990.0294780256795, 1990.0275943263716, 1990.0275453163895, 1990.0340144077268, 1990.0358631501292, 1990.0068299903085, 1990.0422282350353, 1990.0007107200229, 1990.0033687114835, 1990.01905294809]
mean: 1990.0232532186353
lb: 1990.017343856171  ub: 1990.0291625810996
lb: 1990.017343856171  ub: 1990.0291625810996
ci_lb: 0.011818724928616575
ci_ub: -0.011818724928616575
Points:  4
a: [2270.0038637631624, 2270.0081892480875, 2270.0890739422402, 2270.0033201769857, 2270.051732001478, 2270.0591976980145, 2270.0067625727465, 2270.001315839442, 2270.0036917210095, 2270.0347339894365, 2270.0259302927616, 2270.0566159441623, 2270.0353035600933, 2270.034315018392, 2270.007296147699, 2270.025247160487, 2270.0126440338568, 2270.0076990134467, 2270.0171998878227, 2270.018237818768, 2270.000169181109, 2270.011649471423, 2270.001001687871, 2270.0498752489866, 2270.0608742600393, 2270.069064115543, 2270.0088215915052, 2270.0028038164633, 2270.0298384793496, 2270.084999291009]
mean: 2270.027382232446
lb: 2270.0175461799736  ub: 2270.0372182849187
lb: 2270.0175461799736  ub: 2270.0372182849187
ci_lb: 0.01967210494512983
ci_ub: -0.01967210494512983
Points:  5
a: [2830.024773397197, 2830.009462030207, 2830.0491515506287, 2830.048906151294, 2830.029311527929, 2830.0301072441284, 2830.025725286233, 2830.0614362870756, 2830.0026441014747, 2830.0046041382334, 2830.0545948188437, 2830.0173285326496, 2830.016746305781, 2830.0104307738766, 2830.058168852945, 2830.015205894499, 2830.00833181861, 2830.0041988773896, 2830.0323103419128, 2830.0477875560655, 2830.035518423166, 2830.060800203086, 2830.0160599465494, 2830.0105844122972, 2830.084844737843, 2830.0235083208577, 2830.034870147998, 2830.0607877368575, 2830.094102019858, 2830.0288188188574]
mean: 2830.033370675144
lb: 2830.02440765933  ub: 2830.042333690958
lb: 2830.02440765933  ub: 2830.042333690958
ci_lb: 0.017926031628121564
ci_ub: -0.017926031628121564
Points:  6
a: [3190.0422285459535, 3190.002076476172, 3190.0126121163967, 3190.016018825123, 3190.078308899249, 3190.0018988191, 3190.027714673354, 3190.0036757181665, 3190.0222653608835, 3190.0131822439407, 3190.000084307404, 3190.009228872643, 3190.042468240789, 3190.0156474959967, 3190.0073329755996, 3190.0764642532436, 3190.001694001618, 3190.0240933521372, 3190.00050612199, 3190.0174795540274, 3190.0075733063995, 3190.035781940948, 3190.0338191835967, 3190.003316313315, 3190.0090629321203, 3190.052720350732, 3190.0222907698017, 3190.0528796340864, 3190.0010890445487, 3190.00763821592]
mean: 3190.021371751509
lb: 3190.0132505121833  ub: 3190.0294929908346
lb: 3190.0132505121833  ub: 3190.0294929908346
ci_lb: 0.016242478651292913
ci_ub: -0.016242478651292913
Points:  7
a: [3310.043855931385, 3310.0181383693775, 3310.0000795479064, 3310.000723411148, 3310.008405270146, 3310.0076658807793, 3310.0456730886494, 3310.01624766377, 3310.0036258437513, 3310.011686739386, 3310.0125745191463, 3310.0312158352262, 3310.0814584555515, 3310.069659741936, 3310.053853262551, 3310.0328727829756, 3310.020586236304, 3310.029138068199, 3310.0115942145085, 3310.0214356800952, 3310.055960453668, 3310.028764715198, 3310.0263336798535, 3310.0063745839675, 3310.044244626196, 3310.002563074862, 3310.0359934846656, 3310.009240602227, 3310.004929556594, 3310.0450878920988]
mean: 3310.025999440404
lb: 3310.018043078415  ub: 3310.0339558023934
lb: 3310.018043078415  ub: 3310.0339558023934
ci_lb: 0.015912723978544818
ci_ub: -0.015912723978544818
Points:  8
a: [3710.019459760669, 3710.005218872957, 3710.036792055775, 3710.0132118199003, 3710.002033986077, 3710.0645578823905, 3710.008829554269, 3710.03252473385, 3710.0576325039883, 3710.001966666251, 3710.0223227680726, 3710.0004080554445, 3710.010341309564, 3710.000377059743, 3710.022917232128, 3710.0288055334613, 3710.0145543290423, 3710.0577304078624, 3710.0086928772303, 3710.042504240451, 3710.001109462377, 3710.001854374512, 3710.0589725405034, 3710.0201163235733, 3710.037639496354, 3710.002267209084, 3710.0458605851636, 3710.0438546401238, 3710.0110354300414, 3710.036875681991]
mean: 3710.0236822464285
lb: 3710.016103557336  ub: 3710.031260935521
lb: 3710.016103557336  ub: 3710.031260935521
ci_lb: 0.015157378184994741
ci_ub: -0.015157378184994741
Points:  9
a: [4210.020443454622, 4210.034042045806, 4210.005635596617, 4210.005448413595, 4210.047972393806, 4210.017433136121, 4210.067779608438, 4210.01097897199, 4210.0350832644, 4210.02833391968, 4210.00782864787, 4210.013070835307, 4210.038199966215, 4210.008853253911, 4210.029485153813, 4210.038816273675, 4210.000353531535, 4210.050891552766, 4210.089540648542, 4210.022667020608, 4210.015709509996, 4210.002824119586, 4210.027139395955, 4210.000057020083, 4210.00095775988, 4210.000273607803, 4210.029797328467, 4210.016646594625, 4210.0494151112935, 4210.0409244759085]
mean: 4210.025220087097
lb: 4210.017178056681  ub: 4210.033262117514
lb: 4210.01717805668  ub: 4210.033262117513
ci_lb: 0.016084060833236435
ci_ub: -0.016084060833236435
