Points:  0
a: [1330.0086393505258, 1330.0472973333644, 1330.0695548442836, 1330.0092911559505, 1330.0715023685302, 1330.0146290800383, 1330.0258252858966, 1330.0122035370534, 1330.010385407227, 1330.0065630500967, 1330.024507192417, 1330.0382030193073, 1330.062979729476, 1330.0004015459215, 1330.053158093063, 1330.0290686687235, 1330.0000318399175, 1330.027862450505, 1330.001625804414, 1330.0039367129025, 1330.0297696223724, 1330.0050435622516, 1330.0001807354208, 1330.0082294960025, 1330.095964723857, 1330.0070373387834, 1330.0773012536374, 1330.0820123020078, 1330.0375347984016, 1330.027393563993]
mean: 1330.0296044622116
lb: 1330.019128093578  ub: 1330.0400808308452
lb: 1330.0191280935778  ub: 1330.040080830845
ci_lb: 0.020952737267180055
ci_ub: -0.020952737267180055
Points:  1
a: [1840.012059130229, 1840.015969057152, 1840.057982682198, 1840.0193294902926, 1840.0077623034178, 1840.015590306906, 1840.0026906861854, 1840.0445964265375, 1840.0100381015743, 1840.0335650578866, 1840.0030547601502, 1840.006952728931, 1840.0105796150262, 1840.0223582393162, 1840.0207095851863, 1840.0165847693575, 1840.0580474605943, 1840.0075204743468, 1840.001052287232, 1840.0090490423088, 1840.0426507444013, 1840.0306571522729, 1840.0076858962611, 1840.0102607296071, 1840.0057243592119, 1840.0327892935932, 1840.0185736029387, 1840.0019015516723, 1840.0131254390385, 1840.0087924455454]
mean: 1840.018255113979
lb: 1840.0123807516509  ub: 1840.024129476307
lb: 1840.012380751651  ub: 1840.0241294763073
ci_lb: 0.011748724656172271
ci_ub: -0.011748724656172271
Points:  2
a: [2050.001447555215, 2050.0475802095784, 2050.072170741487, 2050.0045896143906, 2050.052906302284, 2050.0233820786016, 2050.003636563985, 2050.0265786853424, 2050.0094232352403, 2050.060423569858, 2050.013398502708, 2050.028060776481, 2050.03292561018, 2050.0094637083234, 2050.0240991535825, 2050.0426871974882, 2050.0042941960037, 2050.0719839754747, 2050.052847253559, 2050.01217363366, 2050.0472663221144, 2050.0093289107144, 2050.0303800104225, 2050.007641913222, 2050.0018165369033, 2050.0006404687842, 2050.0166571924233, 2050.008522525115, 2050.060438075615, 2050.021617474249]
mean: 2050.0266127330997
lb: 2050.01825884286  ub: 2050.034966623339
lb: 2050.0182588428606  ub: 2050.0349666233396
ci_lb: 0.01670778047900967
ci_ub: -0.01670778047900967
Points:  3
a: [2460.001681972631, 2460.0458070971745, 2460.0087454210284, 2460.0023702505127, 2460.0664687332687, 2460.0259551354934, 2460.02080492166, 2460.064655389568, 2460.0355225929334, 2460.02803530121, 2460.0081579820594, 2460.00806848288, 2460.0198250015687, 2460.058532371415, 2460.034702638514, 2460.004191262564, 2460.0086145817927, 2460.0074404198667, 2460.033211181634, 2460.0319694923005, 2460.0151332660544, 2460.032498891753, 2460.015451866942, 2460.012395223625, 2460.0291418809084, 2460.0278918540926, 2460.04823378764, 2460.0224987070414, 2460.011059655626, 2460.017712098848]
mean: 2460.024892582087
lb: 2460.0181886598193  ub: 2460.0315965043546
lb: 2460.0181886598193  ub: 2460.0315965043546
ci_lb: 0.01340784453532251
ci_ub: -0.01340784453532251
Points:  4
a: [2970.0029758480914, 2970.018023432604, 2970.0012475791364, 2970.021660213208, 2970.004637903375, 2970.043566796353, 2970.0015897781113, 2970.0110070813544, 2970.0620265091998, 2970.0010795463295, 2970.075527790158, 2970.012488389434, 2970.0018414414308, 2970.0048835383113, 2970.012330397629, 2970.0888081062353, 2970.0330467811714, 2970.0008051974382, 2970.0400729367166, 2970.003775982745, 2970.023070066074, 2970.045922723953, 2970.00213090663, 2970.082411957991, 2970.0011223688034, 2970.0063711124203, 2970.0126547974746, 2970.0547170415307, 2970.0195754787537, 2970.0069900746726]
mean: 2970.023212059245
lb: 2970.0133480156305  ub: 2970.0330761028595
lb: 2970.0133480156314  ub: 2970.0330761028604
ci_lb: 0.01972808722894115
ci_ub: -0.01972808722894115
Points:  5
a: [3380.012218178503, 3380.052416899506, 3380.0040407515967, 3380.0050155763674, 3380.020360854837, 3380.0322226839658, 3380.0088291523516, 3380.0357257676333, 3380.0191870602025, 3380.032464905136, 3380.00814707953, 3380.034697627818, 3380.008824165345, 3380.011082422677, 3380.0554043764096, 3380.016105680119, 3380.016387335274, 3380.0055309345375, 3380.066555816284, 3380.0780458107683, 3380.070757637291, 3380.069707813499, 3380.038078897975, 3380.002924693847, 3380.007391068637, 3380.005190040903, 3380.0242822009623, 3380.0098750044817, 3380.001518905109, 3380.0749232483936]
mean: 3380.0275970863313
lb: 3380.0183854703787  ub: 3380.036808702284
lb: 3380.0183854703796  ub: 3380.036808702285
ci_lb: 0.018423231905217108
ci_ub: -0.018423231905217108
Points:  6
a: [3990.038028780697, 3990.042133460407, 3990.0025832153237, 3990.0371389158922, 3990.0425663015653, 3990.0502787483106, 3990.071602767422, 3990.020765686595, 3990.024598589438, 3990.043652664672, 3990.0108029954995, 3990.0564149925035, 3990.075143413152, 3990.060640113363, 3990.027094539983, 3990.0185082692965, 3990.002455489259, 3990.027445296426, 3990.014730905709, 3990.0338866060874, 3990.010972407759, 3990.025736370495, 3990.084623416226, 3990.0138310005373, 3990.013729502158, 3990.0034415780588, 3990.058505789381, 3990.0768359973035, 3990.0212274972732, 3990.026251717058]
mean: 3990.034520900928
lb: 3990.025779797105  ub: 3990.043262004751
lb: 3990.0257797971058  ub: 3990.043262004752
ci_lb: 0.017482207646025927
ci_ub: -0.017482207646025927
Points:  7
a: [4310.037532401295, 4310.007116673391, 4310.061130877614, 4310.032361073047, 4310.018890409631, 4310.0494911470205, 4310.018479722021, 4310.061894659381, 4310.0577456926985, 4310.000247260874, 4310.000756889276, 4310.046226265224, 4310.045876822117, 4310.054787206651, 4310.018659834962, 4310.015061728106, 4310.028551440493, 4310.03058183735, 4310.039076469498, 4310.021936829913, 4310.038630802762, 4310.022413088148, 4310.011742774188, 4310.005865503802, 4310.009225674635, 4310.069684395503, 4310.00721369455, 4310.07369252593, 4310.080741847116, 4310.000357979588]
mean: 4310.03219911756
lb: 4310.023389745565  ub: 4310.041008489555
lb: 4310.023389745565  ub: 4310.041008489555
ci_lb: 0.017618743990169605
ci_ub: -0.017618743990169605
Points:  8
a: [4910.037678540268, 4910.034130304986, 4910.000449619078, 4910.064995129745, 4910.0341325379695, 4910.004092136013, 4910.000160467219, 4910.01101345388, 4910.065049684344, 4910.057473949963, 4910.017255161721, 4910.01389822173, 4910.002145123926, 4910.001486459743, 4910.038101461516, 4910.013477089447, 4910.027672956051, 4910.018527787121, 4910.010557250854, 4910.037612836611, 4910.046696723932, 4910.033146723777, 4910.031138596563, 4910.0027150352835, 4910.0304304189685, 4910.071974260686, 4910.006440087458, 4910.006044603932, 4910.029048399848, 4910.040054414225]
mean: 4910.026253314562
lb: 4910.018462253521  ub: 4910.034044375604
lb: 4910.01846225352  ub: 4910.034044375603
ci_lb: 0.015582122083287686
ci_ub: -0.015582122083287686
Points:  9
a: [5210.053543271752, 5210.01809826465, 5210.000068899255, 5210.008260648239, 5210.014923965816, 5210.050747399639, 5210.0368373325855, 5210.000217444175, 5210.006020839052, 5210.000359701772, 5210.0083853061615, 5210.032218414475, 5210.0431279244085, 5210.006346921725, 5210.0231540499135, 5210.01248290815, 5210.056930305161, 5210.0192050467085, 5210.009063775411, 5210.000171431066, 5210.017774857523, 5210.001763774703, 5210.01733782203, 5210.00500784579, 5210.002075856824, 5210.008977638277, 5210.024239754097, 5210.012703076049, 5210.023537009883, 5210.023479541364]
mean: 5210.017902034222
lb: 5210.011771781515  ub: 5210.0240322869295
lb: 5210.011771781515  ub: 5210.0240322869295
ci_lb: 0.01226050541481527
ci_ub: -0.01226050541481527
