Points:  0
a: [539.0066508528063, 539.004476685949, 539.0330115731362, 539.0268342269419, 539.0439917849753, 539.0487263689903, 539.0017672402724, 539.003036572115, 539.0303750845176, 539.0188023685104, 539.0174898198213, 539.0246463870092, 539.0100286184025, 539.021080890372, 539.0010516041888, 539.0495650255834, 539.0343152040501, 539.0172011693323, 539.0061144253035, 539.0062887264662, 539.0796851924816, 539.0101735291521, 539.0104343640937, 539.0011894296483, 539.037826446192, 539.0000778066023, 539.0451813715487, 539.0135502192061, 539.0034429848224, 539.0207030358355]
mean: 539.0209239669442
lb: 539.0138309244131  ub: 539.0280170094753
lb: 539.0138309244131  ub: 539.0280170094753
ci_lb: 0.014186085062192433
ci_ub: -0.014186085062192433
Points:  1
a: [745.0226924720898, 745.0106440933678, 745.0625726314461, 745.0212807196973, 745.0070624143299, 745.0017391873062, 745.0290674232841, 745.0047184024713, 745.0063129872475, 745.073604205548, 745.0006705010752, 745.0262259639446, 745.0054788631074, 745.0319981064553, 745.0374733854613, 745.0071046300998, 745.0047247786017, 745.001754254609, 745.0101983693436, 745.037362097349, 745.0050750273531, 745.0005798032789, 745.0108897059407, 745.0479853822244, 745.0005404534276, 745.0201243200736, 745.0612916266306, 745.0011254986293, 745.0557609282267, 745.0016513018844]
mean: 745.0202569844835
lb: 745.0121979526198  ub: 745.0283160163472
lb: 745.0121979526198  ub: 745.0283160163472
ci_lb: 0.01611806372739011
ci_ub: -0.01611806372739011
Points:  2
a: [926.0238346241863, 926.0142314802139, 926.0053006012462, 926.0746130879387, 926.0140757846222, 926.0067412065308, 926.0737574080028, 926.0416734676022, 926.0562531452497, 926.0036667857405, 926.0193772775991, 926.0276127752951, 926.0579049065234, 926.0866757196148, 926.0096017201694, 926.0428038015683, 926.0085683524821, 926.007121182856, 926.0162857371613, 926.0109035721205, 926.0168046071769, 926.0088542888939, 926.056283193569, 926.0173920234776, 926.0008154573976, 926.058091906663, 926.0347104035318, 926.0004523874386, 926.0052338719446, 926.0073247941455]
mean: 926.0268988523654
lb: 926.017547919641  ub: 926.0362497850899
lb: 926.017547919641  ub: 926.0362497850899
ci_lb: 0.018701865448974786
ci_ub: -0.018701865448974786
Points:  3
a: [1175.0021759465556, 1175.0012554153973, 1175.021693488482, 1175.0058409242117, 1175.0004947623406, 1175.0033004933905, 1175.0515924617594, 1175.0071504917898, 1175.000171728185, 1175.064425309486, 1175.078812025863, 1175.024778553976, 1175.0104111714986, 1175.0047663511689, 1175.007815507056, 1175.0515272357554, 1175.0259832796596, 1175.0401460757635, 1175.0254271395593, 1175.018253076579, 1175.031681807909, 1175.0120714059242, 1175.089058898549, 1175.0052773049522, 1175.0083771407244, 1175.0006844640143, 1175.0003839367748, 1175.0005114594926, 1175.001731127627, 1175.052512152784]
mean: 1175.021610371241
lb: 1175.012241806651  ub: 1175.030978935831
lb: 1175.0122418066508  ub: 1175.0309789358307
ci_lb: 0.018737129179953627
ci_ub: -0.018737129179953627
Points:  4
a: [1378.0335046664725, 1378.018105818823, 1378.0033998984436, 1378.01240408055, 1378.0518128079802, 1378.063546786126, 1378.0343483969455, 1378.0054765335713, 1378.004064458914, 1378.0946019088847, 1378.0685395849084, 1378.022678286016, 1378.0419011450786, 1378.0106585387257, 1378.0012762154545, 1378.0722573627597, 1378.021811097747, 1378.0209605393054, 1378.0000173469466, 1378.0187989528106, 1378.0071597478902, 1378.0249494182212, 1378.008101288068, 1378.0205897334329, 1378.0096787348764, 1378.0139350024724, 1378.051445133866, 1378.0218067305932, 1378.034614693638, 1378.0165710209528]
mean: 1378.026967197682
lb: 1378.0181101139306  ub: 1378.0358242814336
lb: 1378.0181101139306  ub: 1378.0358242814336
ci_lb: 0.01771416750307253
ci_ub: -0.01771416750307253
Points:  5
a: [1585.0715973614315, 1585.013272511361, 1585.022197617544, 1585.0145133337312, 1585.013975103468, 1585.0498778529661, 1585.042441754613, 1585.0128704931742, 1585.0086983618273, 1585.0136603202118, 1585.0431459660904, 1585.0708047281544, 1585.0513846665826, 1585.001096285594, 1585.0152371136637, 1585.039622462331, 1585.0351917442526, 1585.044388937221, 1585.0832475291475, 1585.02548611243, 1585.0047040561244, 1585.0597354207778, 1585.0150768440672, 1585.048520118422, 1585.002931152955, 1585.0248481275326, 1585.0010093680746, 1585.075922612437, 1585.024415431228, 1585.058875936062]
mean: 1585.0329583107825
lb: 1585.0239006750887  ub: 1585.0420159464763
lb: 1585.0239006750887  ub: 1585.0420159464763
ci_lb: 0.018115271387614484
ci_ub: -0.018115271387614484
Points:  6
a: [1918.0028382365556, 1918.0663557286007, 1918.0039112436632, 1918.01676860999, 1918.040985373928, 1918.0232455252137, 1918.0205547919895, 1918.0730006338154, 1918.0230349954934, 1918.0195980507788, 1918.0738788499748, 1918.0104902690207, 1918.021586690792, 1918.0010054406384, 1918.0140466617554, 1918.016237985039, 1918.0173364661, 1918.0796302703536, 1918.0052153944, 1918.0376957991489, 1918.0136671915748, 1918.0010370441776, 1918.0518897177615, 1918.0718003524173, 1918.0559885592877, 1918.0337035762525, 1918.0795766456115, 1918.0010426349875, 1918.018960454653, 1918.0220735866121]
mean: 1918.030571892686
lb: 1918.02085756982  ub: 1918.0402862155522
lb: 1918.02085756982  ub: 1918.0402862155522
ci_lb: 0.01942864573220504
ci_ub: -0.01942864573220504
Points:  7
a: [2209.0661473097366, 2209.027281158279, 2209.006887356024, 2209.064849173671, 2209.018387824491, 2209.084373258149, 2209.018745457106, 2209.0072454726496, 2209.0053190120293, 2209.000657734662, 2209.0497274729373, 2209.0172613250174, 2209.0118091896275, 2209.007039772116, 2209.04612794219, 2209.0037898391092, 2209.0342061545257, 2209.008500810726, 2209.0105862407586, 2209.0154863162425, 2209.0218671799885, 2209.0117654799956, 2209.0000623460132, 2209.0076197290236, 2209.0765447024733, 2209.030529545242, 2209.011547993831, 2209.0012806799373, 2209.0348025141748, 2209.007491600667]
mean: 2209.023598019713
lb: 2209.0147941996847  ub: 2209.0324018397414
lb: 2209.0147941996847  ub: 2209.0324018397414
ci_lb: 0.01760764005666715
ci_ub: -0.01760764005666715
Points:  8
a: [2510.0100445185253, 2510.0220086403015, 2510.010341521009, 2510.017344127249, 2510.0379509288496, 2510.031615651119, 2510.057465318904, 2510.001356374433, 2510.061004306171, 2510.0093761106714, 2510.0235898930564, 2510.0086609523023, 2510.0114620126305, 2510.0523972783253, 2510.0165086537513, 2510.044678226712, 2510.0474283607055, 2510.0107046913313, 2510.0030012665156, 2510.012750491606, 2510.0338224978786, 2510.0055042554177, 2510.003538354223, 2510.0018846193493, 2510.0062367885116, 2510.0178249085297, 2510.0140863725646, 2510.0127256702226, 2510.048314835834, 2510.005235552553]
mean: 2510.0212954393087
lb: 2510.0145287736564  ub: 2510.028062104961
lb: 2510.014528773656  ub: 2510.0280621049606
ci_lb: 0.01353333130464307
ci_ub: -0.01353333130464307
Points:  9
a: [2835.0009546861797, 2835.0473326177316, 2835.0046375241122, 2835.003461546296, 2835.0451405927183, 2835.0211831600946, 2835.0006752801205, 2835.087545686038, 2835.018257383369, 2835.0139092618247, 2835.0163992693156, 2835.0175560894563, 2835.0735582054604, 2835.0025052980995, 2835.047569117584, 2835.023496408587, 2835.003072976679, 2835.0404980592552, 2835.005158572393, 2835.0092764102055, 2835.0393533127362, 2835.0124139773493, 2835.0427675689757, 2835.0408031457514, 2835.028567009076, 2835.0029696141187, 2835.0001462846485, 2835.0485549726322, 2835.000244087565, 2835.0499442555597]
mean: 2835.024931745798
lb: 2835.0162296728063  ub: 2835.0336338187894
lb: 2835.0162296728063  ub: 2835.0336338187894
ci_lb: 0.0174041459831642
ci_ub: -0.0174041459831642
