Points:  0
a: [345.0298925731061, 345.0289660272604, 345.03230618060917, 345.01021269855806, 345.04469789612756, 345.01731606960675, 345.0570075187876, 345.0028829708741, 345.01189177919207, 345.02812282800693, 345.00079382638603, 345.00198506347425, 345.0286355530079, 345.01066155070475, 345.018665534306, 345.0411212373905, 345.05567966198015, 345.0048833602604, 345.0561953996068, 345.05554245534347, 345.02291237154304, 345.0012378162746, 345.0196665281775, 345.0025826777538, 345.0693683955196, 345.0185821648054, 345.01752048247397, 345.0022187704522, 345.04131504588884, 345.0074568252362]
mean: 345.0246773754238
lb: 345.0172105963747  ub: 345.03214415447286
lb: 345.0172105963747  ub: 345.03214415447286
ci_lb: 0.014933558098164212
ci_ub: -0.014933558098164212
Points:  1
a: [560.0220957432529, 560.0055910807622, 560.0290374075855, 560.0010636914293, 560.0287784396903, 560.0473530948645, 560.0129138126744, 560.0424098153168, 560.0331455001628, 560.0037935220909, 560.0264069357522, 560.0058997175348, 560.0098555678584, 560.0901343803885, 560.0468309109713, 560.0361938270369, 560.0167333515242, 560.0117528345332, 560.0025759974261, 560.0079018488824, 560.0203130873535, 560.0009906874873, 560.0469640452505, 560.0685207323086, 560.0416511906083, 560.0687526285518, 560.0860998450388, 560.0071149281143, 560.0238252819944, 560.0204149036699]
mean: 560.028837160337
lb: 560.0196034276945  ub: 560.0380708929796
lb: 560.0196034276946  ub: 560.0380708929797
ci_lb: 0.018467465285084472
ci_ub: -0.018467465285084472
Points:  2
a: [775.0663380677408, 775.0634635745096, 775.0013432870111, 775.0299233115887, 775.0545759275901, 775.0207100436727, 775.0476947955792, 775.0586555570751, 775.0553787285276, 775.0018702506143, 775.0082195250595, 775.0071875012496, 775.0469481082341, 775.0027114632674, 775.0688130308624, 775.0468728739529, 775.0198190019637, 775.042161399198, 775.003571138166, 775.0238122369215, 775.0171938738731, 775.025950078063, 775.0884988792471, 775.0005371074063, 775.0774276055091, 775.0410916943888, 775.0209284114802, 775.043212744634, 775.0378288374906, 775.0176524696798]
mean: 775.034679717485
lb: 775.0253809058088  ub: 775.0439785291612
lb: 775.0253809058089  ub: 775.0439785291613
ci_lb: 0.01859762335243431
ci_ub: -0.01859762335243431
Points:  3
a: [987.0401401572075, 987.052931273557, 987.0482448652082, 987.0725283671911, 987.0019645727864, 987.0358936184674, 987.0007190370715, 987.0529850618605, 987.047091794146, 987.0011746550992, 987.0415457165097, 987.0016039880473, 987.0334737625461, 987.0113733663086, 987.0045410817107, 987.0202194806309, 987.0707637467592, 987.0384486424789, 987.0112007101924, 987.0622225061076, 987.0038083409697, 987.0130309463667, 987.0067426337718, 987.0444976680024, 987.0560726717931, 987.0252316017715, 987.0144798037564, 987.0023576297262, 987.0017215758104, 987.0302838614008]
mean: 987.0282431045752
lb: 987.0196364303926  ub: 987.0368497787578
lb: 987.0196364303926  ub: 987.0368497787578
ci_lb: 0.017213348365203274
ci_ub: -0.017213348365203274
Points:  4
a: [1193.0185279189254, 1193.0011150671612, 1193.0006288309605, 1193.053504281422, 1193.0067051017927, 1193.0015421736257, 1193.0033375795676, 1193.0104049821514, 1193.014714793254, 1193.0187007279862, 1193.016759246278, 1193.0072606376082, 1193.0035217119794, 1193.004226026834, 1193.0055462053504, 1193.023521128999, 1193.0060908777064, 1193.0256766107375, 1193.0139756940014, 1193.0171699427844, 1193.0037184096145, 1193.0180142819347, 1193.0695313288022, 1193.0292195667953, 1193.0086418284259, 1193.0073402689923, 1193.0152348749898, 1193.0255862583645, 1193.0106937537778, 1193.0025536723872]
mean: 1193.0147821261069
lb: 1193.0091138079206  ub: 1193.0204504442931
lb: 1193.0091138079204  ub: 1193.020450444293
ci_lb: 0.01133663637256177
ci_ub: -0.01133663637256177
Points:  5
a: [1315.0627390269983, 1315.0089924648214, 1315.013625331641, 1315.000930592608, 1315.0382560056403, 1315.0434646554695, 1315.019011337599, 1315.013298945479, 1315.0778775680867, 1315.022243252096, 1315.0002791305394, 1315.0203558397911, 1315.0275207619613, 1315.0855374120647, 1315.0561136559359, 1315.006180393371, 1315.0173045180693, 1315.0356997261235, 1315.083946013192, 1315.0322849664917, 1315.055091418967, 1315.0312617049015, 1315.0366002429446, 1315.0455012922805, 1315.0761821100336, 1315.0235387340276, 1315.002307928883, 1315.046850728831, 1315.0473560913729, 1315.0237703619089]
mean: 1315.0351374070708
lb: 1315.0259014791818  ub: 1315.0443733349598
lb: 1315.025901479182  ub: 1315.04437333496
ci_lb: 0.01847185577798882
ci_ub: -0.01847185577798882
Points:  6
a: [1519.0069419020576, 1519.0275587472138, 1519.0787827894935, 1519.066437552294, 1519.0017204991111, 1519.0142959031696, 1519.0110664351093, 1519.0590021755606, 1519.0127519129755, 1519.0485467004094, 1519.0407243286545, 1519.0169275049086, 1519.0056076271621, 1519.0088403722593, 1519.0166951134213, 1519.0702369953233, 1519.0222773310782, 1519.0259620820489, 1519.0004292122185, 1519.0029897838742, 1519.0522026234842, 1519.0322509815182, 1519.0108341350915, 1519.0017289855548, 1519.0062440118088, 1519.0048384901525, 1519.0122281689785, 1519.0775357137152, 1519.046867145466, 1519.0029560364308]
mean: 1519.0261827086845
lb: 1519.0168918600484  ub: 1519.0354735573205
lb: 1519.0168918600484  ub: 1519.0354735573205
ci_lb: 0.01858169727211134
ci_ub: -0.01858169727211134
Points:  7
a: [1726.0455070195922, 1726.0351792048393, 1726.056645282836, 1726.0339080435804, 1726.0537192142335, 1726.0123427285814, 1726.0286747376615, 1726.088190576184, 1726.0146402057526, 1726.0217885201885, 1726.0373834248678, 1726.060803979664, 1726.0035100909197, 1726.042431953074, 1726.0006965269547, 1726.0563605799068, 1726.053377738166, 1726.0044316861106, 1726.0190389021093, 1726.070656996266, 1726.0108083487476, 1726.0250151485188, 1726.0125055638416, 1726.0134102047873, 1726.03548602134, 1726.0299064772923, 1726.015969334885, 1726.0154206655227, 1726.0283256213934, 1726.0386896529235]
mean: 1726.0321608150246
lb: 1726.0241650603507  ub: 1726.0401565696984
lb: 1726.0241650603507  ub: 1726.0401565696984
ci_lb: 0.015991509347713873
ci_ub: -0.015991509347713873
Points:  8
a: [1907.015535912429, 1907.0032209268697, 1907.0385736058654, 1907.0022923557347, 1907.022676907099, 1907.072257392692, 1907.018673657476, 1907.0276723880327, 1907.0341499503513, 1907.022172056902, 1907.0237649726025, 1907.0819018725945, 1907.0641155266035, 1907.002979728459, 1907.0183488229566, 1907.034191571438, 1907.0258911766668, 1907.0196012943845, 1907.038669706607, 1907.03821103207, 1907.0031485744694, 1907.0103034367316, 1907.0252041045774, 1907.0505794868907, 1907.0012044482255, 1907.0405498796576, 1907.0105368644465, 1907.0415165675508, 1907.010133947988, 1907.0387526751529]
mean: 1907.0278943614508
lb: 1907.0202316770049  ub: 1907.0355570458967
lb: 1907.0202316770049  ub: 1907.0355570458967
ci_lb: 0.015325368891808466
ci_ub: -0.015325368891808466
Points:  9
a: [2039.0068740479496, 2039.025933162505, 2039.010064879964, 2039.0231480200823, 2039.0597287349335, 2039.0798179131216, 2039.024021668949, 2039.0567627404669, 2039.0593461055441, 2039.0758447649239, 2039.0002478084175, 2039.0056936133644, 2039.0460141781691, 2039.0007549965037, 2039.054330860053, 2039.0202713880838, 2039.0484587984213, 2039.013932190489, 2039.0213262767268, 2039.0488444154169, 2039.0312163449357, 2039.0002362600064, 2039.0848820258605, 2039.0010013282215, 2039.0052698181112, 2039.017437652362, 2039.032589099545, 2039.0101734235857, 2039.0355889205741, 2039.0657304642825]
mean: 2039.0321847300522
lb: 2039.0225133661274  ub: 2039.041856093977
lb: 2039.0225133661277  ub: 2039.0418560939772
ci_lb: 0.019342727849561925
ci_ub: -0.019342727849561925
