Points:  0
a: [7.41386306724733, 7.410623480809064, 7.410433513013967, 7.412179203028517, 7.410615821847026, 7.412303992534488, 7.414573235901093, 7.416014452297625, 7.411585433809631, 7.412189452354076, 7.411963742475938, 7.410391152837862, 7.411478986407662, 7.410761384376485, 7.410047078065041, 7.414093366211582, 7.418674177715703, 7.416973645414114, 7.41077078290404, 7.410093876334124, 7.410878377410367, 7.414131231356478, 7.419471962087227, 7.410492849397626, 7.410556685073577, 7.410971349980957, 7.410949312094246, 7.411137256705889, 7.416018064206705, 7.4143059104448]
mean: 7.4126180948114415
lb: 7.4116406373461885  ub: 7.4135955522766945
lb: 7.4116406373461885  ub: 7.4135955522766945
ci_lb: 0.0019549149305060354
ci_ub: -0.0019549149305060354
Points:  1
a: [7.623856667609098, 7.621775522767555, 7.622506733296404, 7.621989813724416, 7.623683559013793, 7.6208288959128785, 7.626830305693838, 7.620636906271989, 7.620508199024401, 7.621170210786856, 7.6222415924324425, 7.621158358233092, 7.6241132128536435, 7.621419464753933, 7.623063689767649, 7.623329769020664, 7.620378839347947, 7.620962114335447, 7.620821254454626, 7.622841246862406, 7.620153054971133, 7.621381894359149, 7.622782143158362, 7.62406052411372, 7.621213694167032, 7.621535145998965, 7.622447310556845, 7.622556718601946, 7.624788070705927, 7.6201470652315635]
mean: 7.622172732600924
lb: 7.621589937427088  ub: 7.62275552777476
lb: 7.62158993742709  ub: 7.622755527774761
ci_lb: 0.0011655903476714968
ci_ub: -0.0011655903476714968
Points:  2
a: [8.17446221912587, 8.17259831249834, 8.171245311644185, 8.172094987119635, 8.17007682691158, 8.173603781534684, 8.17438900286626, 8.17404816630159, 8.172621249480116, 8.17469200222062, 8.175042921241237, 8.175306142817018, 8.175523235526244, 8.17103243591248, 8.171393526751023, 8.17200189343325, 8.173742130588975, 8.17486846716181, 8.170424622479786, 8.177997019649386, 8.172987875401317, 8.171075560301123, 8.1742199594484, 8.17373153425687, 8.177002304848584, 8.1745679984398, 8.171702567576371, 8.170394819959572, 8.175166263783762, 8.176254885889156]
mean: 8.173475600838968
lb: 8.172712018266862  ub: 8.174239183411073
lb: 8.172712018266862  ub: 8.174239183411073
ci_lb: 0.001527165144210585
ci_ub: -0.001527165144210585
Points:  3
a: [8.850137402030695, 8.850260151715924, 8.855128221180427, 8.857627256110417, 8.852162513891592, 8.850544086270052, 8.85484537534016, 8.85016323812678, 8.852387659317479, 8.850577858840504, 8.85612822987862, 8.853757826246824, 8.855368470280297, 8.85071645133298, 8.8502650211082, 8.85004706717511, 8.852090253072788, 8.850575696058597, 8.850987702283701, 8.858394872246803, 8.854349004708418, 8.85057670142961, 8.851040889801672, 8.850268621937177, 8.855764837391632, 8.85095966394628, 8.854674531146824, 8.85226990986675, 8.850100099007435, 8.85051756415658]
mean: 8.852422905863344
lb: 8.851487388181695  ub: 8.853358423544993
lb: 8.851487388181695  ub: 8.853358423544993
ci_lb: 0.0018710353632975796
ci_ub: -0.0018710353632975796
Points:  4
a: [9.355449685709411, 9.355067222668772, 9.353169129123534, 9.356010530700273, 9.352792546055715, 9.35570546517728, 9.353733164888153, 9.35246313489058, 9.354660055858217, 9.351435087474181, 9.355084428696014, 9.351245749035044, 9.35025809160449, 9.351076122343455, 9.352056517597271, 9.350399049256925, 9.350771729450962, 9.35272432435016, 9.352315822876578, 9.357448705920273, 9.350559433661754, 9.357133774655193, 9.350353504651377, 9.352653710066985, 9.351086295196103, 9.35678187751284, 9.350652548763398, 9.350493368053913, 9.350257025567139, 9.356247150880886]
mean: 9.35300284175623
lb: 9.352119335200065  ub: 9.353886348312393
lb: 9.352119335200065  ub: 9.353886348312393
ci_lb: 0.0017670131123281863
ci_ub: -0.0017670131123281863
Points:  5
a: [9.895550178937876, 9.890112665130111, 9.89370789781639, 9.890812149557462, 9.898416657936277, 9.89204344406459, 9.893913340620038, 9.891066008539456, 9.896701910557443, 9.8965454610532, 9.89677847378558, 9.895186075432653, 9.895468180146493, 9.890857554820704, 9.890077004956122, 9.892119685648874, 9.892609579803393, 9.890522371799856, 9.893151874205355, 9.892736245373781, 9.890780887072857, 9.891618015846865, 9.890656027954135, 9.890071830477407, 9.890371090858812, 9.896595871776507, 9.891593287999843, 9.893613313698257, 9.89702530807438, 9.89194632168599]
mean: 9.893088290521025
lb: 9.892140461026015  ub: 9.894036120016034
lb: 9.892140461026015  ub: 9.894036120016034
ci_lb: 0.0018956589900192
ci_ub: -0.0018956589900192
Points:  6
a: [10.034897158703886, 10.03288859073203, 10.031129594066885, 10.03422014786759, 10.030353466075331, 10.032320043304109, 10.033366930717627, 10.03105620013882, 10.030925897269455, 10.035581973406345, 10.030043831449765, 10.032329419693085, 10.030597396416896, 10.031196344926986, 10.03121214248482, 10.030107450944108, 10.032934612514984, 10.036244434355579, 10.03196957952117, 10.031317897267227, 10.030411231559967, 10.03001492216401, 10.033731513758935, 10.037387232422951, 10.030269529015113, 10.03095104704845, 10.031813740407644, 10.033392797262254, 10.031602090751173, 10.030410113430626]
mean: 10.032155910989257
lb: 10.031425227016781  ub: 10.032886594961733
lb: 10.031425227016783  ub: 10.032886594961735
ci_lb: 0.0014613679449517747
ci_ub: -0.0014613679449517747
Points:  7
a: [10.25497346712531, 10.251958601434094, 10.250609342615157, 10.251992793440552, 10.25255432986659, 10.254879795828527, 10.255173223593014, 10.251205310619103, 10.250648149641039, 10.252808763272526, 10.2512994729963, 10.253019854898254, 10.25676371844497, 10.25060287376827, 10.253565328206962, 10.253071542182887, 10.250186023702136, 10.250230539592756, 10.251056416169872, 10.25760006801164, 10.250292406909322, 10.25466000542937, 10.250264957194696, 10.25017617730228, 10.25120311818229, 10.253569477639408, 10.2501216456152, 10.250669869641332, 10.254481991463647, 10.252326775269811]
mean: 10.25239886800191
lb: 10.25161675584114  ub: 10.25318098016268
lb: 10.25161675584114  ub: 10.25318098016268
ci_lb: 0.001564224321541019
ci_ub: -0.001564224321541019
Points:  8
a: [10.63001350779577, 10.631576029335628, 10.636366156394434, 10.630077827082538, 10.634023664089705, 10.637852116171448, 10.635286913748176, 10.632993209259535, 10.63221753724362, 10.633926005200225, 10.630843875658856, 10.635229979996504, 10.633000031544192, 10.635113590056514, 10.631282152964326, 10.631511724516047, 10.630863289512368, 10.630474016167668, 10.634013366781046, 10.63551848256528, 10.6335246360514, 10.634051136633806, 10.63000322697957, 10.632628212724423, 10.632761786059238, 10.637908349582096, 10.6346131629708, 10.638471019612046, 10.636926593729894, 10.630200083362523]
mean: 10.633442389459656
lb: 10.632501188552247  ub: 10.634383590367065
lb: 10.632501188552247  ub: 10.634383590367065
ci_lb: 0.0018824018148180244
ci_ub: -0.0018824018148180244
Points:  9
a: [10.930651558890732, 10.930092577872248, 10.93225582579311, 10.931410373439482, 10.930789566431638, 10.930143152653944, 10.930565177493563, 10.934281290725266, 10.930816252006927, 10.930118128463919, 10.935212684161145, 10.930702025463612, 10.93274422229631, 10.930097178130046, 10.934841856907626, 10.939300454172255, 10.931661623407024, 10.932867228954319, 10.93227711140357, 10.93188310181535, 10.93377419962153, 10.93188329501309, 10.931088033033266, 10.931326042490694, 10.934541115184038, 10.932269617591166, 10.930841905941698, 10.930818496883205, 10.936630057301821, 10.933627024296232]
mean: 10.932317039261296
lb: 10.931507565984592  ub: 10.933126512538
lb: 10.93150756598459  ub: 10.933126512537997
ci_lb: 0.0016189465534068859
ci_ub: -0.0016189465534068859
