Points:  0
a: [14.373942084909526, 14.377092594212098, 14.3700231893566, 14.37008880847879, 14.370299045246004, 14.373347370408716, 14.374030476778902, 14.37625838717835, 14.371294716996994, 14.373679009742794, 14.37054231549561, 14.372784753943327, 14.370706598296566, 14.370027371675384, 14.370496793799825, 14.37154971819034, 14.370560536979292, 14.374024659171136, 14.371045460675905, 14.370338751130742, 14.370384894509742, 14.37769237585546, 14.37843730897678, 14.377680136965196, 14.372708610492188, 14.374365364824428, 14.37039175077392, 14.37014397730757, 14.37089445624021, 14.374764554395874]
mean: 14.37265320243361
lb: 14.371660248902932  ub: 14.37364615596429
lb: 14.371660248902932  ub: 14.37364615596429
ci_lb: 0.0019859070613570395
ci_ub: -0.0019859070613570395
Points:  1
a: [15.670212139805683, 15.671062840095672, 15.676445105049913, 15.670682437049331, 15.67032644067048, 15.672914315016257, 15.672701340856978, 15.676077420056961, 15.673587329510717, 15.670459501900462, 15.673976732096193, 15.67002675371087, 15.674291311078118, 15.672721161829408, 15.670194048022339, 15.670016004456565, 15.674065844340983, 15.67399063579942, 15.676404084568846, 15.671950425352998, 15.671050164920583, 15.672655807455405, 15.670984917056568, 15.672878412040216, 15.670240317304282, 15.670262256750956, 15.670828169900396, 15.672399062570356, 15.670157002748358, 15.672557872527367]
mean: 15.672203995151422
lb: 15.671467371045923  ub: 15.672940619256922
lb: 15.671467371045923  ub: 15.672940619256922
ci_lb: 0.0014732482109991452
ci_ub: -0.0014732482109991452
Points:  2
a: [16.860004735342493, 16.86296863906941, 16.862540251202137, 16.86590727022926, 16.86200411131516, 16.860129077988628, 16.86072909821694, 16.861270417983, 16.861304823148235, 16.86111273615325, 16.862301228724792, 16.860534445843907, 16.860691549708655, 16.86039917200761, 16.860055296177556, 16.86159261605588, 16.8656509551037, 16.86104940894171, 16.860538246531288, 16.862192728223146, 16.86354293979743, 16.86462505031863, 16.862637045158298, 16.863157676886093, 16.8603759073536, 16.86258758820676, 16.861028014866218, 16.864462143199393, 16.862787055220824, 16.860904753968732]
mean: 16.861969499431424
lb: 16.86136079665414  ub: 16.86257820220871
lb: 16.86136079665414  ub: 16.86257820220871
ci_lb: 0.0012174055545699503
ci_ub: -0.0012174055545699503
Points:  3
a: [17.758458948284904, 17.750258093485325, 17.75158372413527, 17.7510690545686, 17.751235062887208, 17.750171480096395, 17.7548967121348, 17.751454428686152, 17.750320321134623, 17.751360777312872, 17.751067036580384, 17.756205207512473, 17.75194981363286, 17.75056838055061, 17.75481799323817, 17.75364518105718, 17.75485896965207, 17.751665933712477, 17.750983962592553, 17.752525430986857, 17.753826871252805, 17.7501867767737, 17.752888928663175, 17.753059718134637, 17.7531930415864, 17.75180062719604, 17.753724223220445, 17.750631087103383, 17.750196003857354, 17.752648242922724]
mean: 17.752375067765083
lb: 17.751625717616616  ub: 17.75312441791355
lb: 17.751625717616616  ub: 17.75312441791355
ci_lb: 0.001498700296934885
ci_ub: -0.001498700296934885
Points:  4
a: [18.867785813367412, 18.860365902001412, 18.860104655228078, 18.86128867867899, 18.863845317531474, 18.864567202672255, 18.86093283610911, 18.862947566394222, 18.861081789655675, 18.861842321646446, 18.861341556202703, 18.862737131254598, 18.861691830026455, 18.866126754312152, 18.86045230312243, 18.864838501915923, 18.861619508311453, 18.86464433374192, 18.86180951893405, 18.863595296412193, 18.865412553534664, 18.860481792032232, 18.860211536405217, 18.86382474217899, 18.866509476714054, 18.864082210804344, 18.862410431654478, 18.86197840677511, 18.868339487761812, 18.86595637846067]
mean: 18.863094194461347
lb: 18.86222630950812  ub: 18.863962079414573
lb: 18.86222630950812  ub: 18.863962079414573
ci_lb: 0.0017357699064532994
ci_ub: -0.0017357699064532994
Points:  5
a: [19.235165890319855, 19.23209316184363, 19.231326437354202, 19.230433752068077, 19.230150576704187, 19.231486275229976, 19.23043360409354, 19.23032409146591, 19.2307759391773, 19.230217299711992, 19.23331445795071, 19.234313705300018, 19.234262778361128, 19.23397449558113, 19.230370918726038, 19.235042027422182, 19.23749025328712, 19.234600919089626, 19.234580132520293, 19.230606111691287, 19.230148919790796, 19.23325452430518, 19.230363223985957, 19.231001358396476, 19.233012853449722, 19.23371371471918, 19.230303977096412, 19.23320451985904, 19.230822358165128, 19.2378985220011]
mean: 19.232489559988903
lb: 19.231651630656675  ub: 19.23332748932113
lb: 19.23165163065668  ub: 19.233327489321134
ci_lb: 0.0016758586644556317
ci_ub: -0.0016758586644556317
Points:  6
a: [20.83541337001441, 20.838697948558647, 20.832087483663326, 20.830281059115528, 20.830044762210647, 20.830674581123017, 20.830682453369466, 20.833630961855512, 20.835514191381982, 20.8309854265451, 20.83085649800146, 20.832840827362492, 20.83168528956215, 20.83065124763941, 20.833099393682435, 20.830970921108037, 20.831541910689268, 20.833432115194714, 20.835438617751553, 20.8306393580508, 20.832630014010373, 20.831533529686183, 20.832287631143625, 20.83049698079492, 20.833153866476597, 20.831538526962706, 20.830677243262738, 20.830356665809838, 20.832228024657258, 20.830401910788833]
mean: 20.83214909368244
lb: 20.831402741312512  ub: 20.832895446052365
lb: 20.831402741312512  ub: 20.832895446052365
ci_lb: 0.001492704739852968
ci_ub: -0.001492704739852968
Points:  7
a: [22.170648847883708, 22.1733153570645, 22.17235431746014, 22.178198286441177, 22.17561197897277, 22.177279236998345, 22.174509052034438, 22.174252131214004, 22.17119689337439, 22.174753626900884, 22.17377100198929, 22.176305984553345, 22.17629386436344, 22.170274525472937, 22.17339037517175, 22.170187158992224, 22.170505525129702, 22.17759555557772, 22.17412057446858, 22.17184411774195, 22.17124625924206, 22.17954360467499, 22.170242122127608, 22.172436081428685, 22.170741223797584, 22.17410136346834, 22.174383283787964, 22.1710666465935, 22.170555948949865, 22.17143253892704]
mean: 22.173405249493435
lb: 22.172411341984084  ub: 22.174399157002785
lb: 22.172411341984088  ub: 22.17439915700279
ci_lb: 0.0019878150187011556
ci_ub: -0.0019878150187011556
Points:  8
a: [23.350544067268466, 23.35001794121461, 23.354031020321425, 23.35225075452074, 23.35082891233252, 23.353821792724652, 23.3502934798043, 23.353590776961457, 23.35176573398804, 23.350767320958013, 23.351893667584775, 23.355029170089992, 23.355443085933878, 23.351784737249627, 23.3556252827342, 23.35099501906222, 23.35324081647867, 23.3530103503962, 23.35133725152735, 23.350633342969164, 23.35025348380554, 23.350851427422743, 23.350491041475667, 23.354735147141657, 23.351678411730752, 23.354170809978296, 23.35035443984107, 23.352228152029955, 23.355052353015697, 23.353277064968555]
mean: 23.352333228517676
lb: 23.35167041860757  ub: 23.352996038427783
lb: 23.351670418607572  ub: 23.352996038427786
ci_lb: 0.0013256198202142855
ci_ub: -0.0013256198202142855
Points:  9
a: [24.83019483702556, 24.836732724184916, 24.831135204259702, 24.831066990335604, 24.832129905881153, 24.836311970434977, 24.830642748655997, 24.8364189045722, 24.83835492913246, 24.830183615527066, 24.833324456780176, 24.830096018664754, 24.83399993219688, 24.831075438398884, 24.831177846104097, 24.834616670883467, 24.832138467582162, 24.830991456665217, 24.83451606966908, 24.835969952277768, 24.832874238459596, 24.830209145213484, 24.83186573634536, 24.832798617070143, 24.836255309506544, 24.830300852377395, 24.83057721259315, 24.830210134029628, 24.831854530818617, 24.832888218074977]
mean: 24.832697071124038
lb: 24.83179590493227  ub: 24.833598237315805
lb: 24.831795904932267  ub: 24.8335982373158
ci_lb: 0.0018023323835336669
ci_ub: -0.0018023323835336669
