Points:  0
a: [17.851959282276898, 17.8521356465128, 17.857347128533842, 17.857676953610763, 17.853325115232494, 17.85293057122678, 17.85143874002798, 17.856547772145372, 17.851962841637665, 17.853012453291743, 17.85326443100946, 17.85055037898009, 17.85124893391691, 17.852224781373124, 17.85090167438741, 17.8508070093145, 17.852648092334086, 17.85553166332534, 17.85305152342928, 17.85041251382182, 17.854673106206917, 17.851548821647867, 17.855031351693317, 17.850434800908452, 17.85380832337615, 17.856550791058034, 17.85129249615557, 17.850003369419145, 17.850154975229795, 17.850572168488426]
mean: 17.85276825701907
lb: 17.851935777747844  ub: 17.853600736290293
lb: 17.85193577774784  ub: 17.85360073629029
ci_lb: 0.0016649585424488578
ci_ub: -0.0016649585424488578
Points:  1
a: [20.36157147662112, 20.36085518607711, 20.36017365102801, 20.365548706685328, 20.365358131826067, 20.36193322736879, 20.364114409425074, 20.365693624534007, 20.362737884184146, 20.366179823424673, 20.36705283543136, 20.366160471886037, 20.360072692040166, 20.360311550031057, 20.36012675839903, 20.362147545776875, 20.362774974667285, 20.361989688301584, 20.36771000311102, 20.360134166427564, 20.36121209804327, 20.363872444800535, 20.361826331984723, 20.363769047236982, 20.361175382938104, 20.36244636763514, 20.364014119695028, 20.364528943012353, 20.362088103409572, 20.36017205989864]
mean: 20.362925056863354
lb: 20.362073695868773  ub: 20.363776417857935
lb: 20.362073695868776  ub: 20.363776417857938
ci_lb: 0.0017027219891616596
ci_ub: -0.0017027219891616596
Points:  2
a: [23.673480025375984, 23.67483336078893, 23.671758911247228, 23.67455884123805, 23.67313728107322, 23.67353221417198, 23.67167327080172, 23.671416100431433, 23.67018135442781, 23.67165036264909, 23.678857883018157, 23.67335798749758, 23.670398121333633, 23.676933139569673, 23.671995826720934, 23.67092614731121, 23.674240182097705, 23.670903028216078, 23.67523897737191, 23.67061762008602, 23.677223313062903, 23.6747495601197, 23.671311117251495, 23.674788888585475, 23.670085032428783, 23.67244920806534, 23.670092066546367, 23.670246337420192, 23.673393908296006, 23.671346142812705]
mean: 23.672845873667242
lb: 23.671984045292582  ub: 23.673707702041902
lb: 23.671984045292582  ub: 23.673707702041902
ci_lb: 0.0017236567493199573
ci_ub: -0.0017236567493199573
Points:  3
a: [25.855097282993928, 25.855200100295665, 25.850513528018404, 25.856578078785706, 25.850901970681562, 25.85172189797456, 25.850103327939017, 25.85377475489612, 25.85634653200773, 25.850024249442075, 25.85269388292691, 25.850089567252386, 25.850283897802836, 25.850706005113548, 25.853502129072258, 25.855152373313263, 25.851637578043878, 25.85038233268538, 25.85110459681596, 25.852623066947974, 25.850027459789587, 25.85194558123549, 25.85573223908047, 25.852042329956355, 25.85043978764237, 25.851769722174634, 25.8500261016865, 25.850587881305852, 25.850784255010012, 25.850880939191914]
mean: 25.852089115002745
lb: 25.85130644752265  ub: 25.85287178248284
lb: 25.851306447522646  ub: 25.852871782482836
ci_lb: 0.001565334960190512
ci_ub: -0.001565334960190512
Points:  4
a: [26.823053679207792, 26.820973142293916, 26.820173695294105, 26.82111686721115, 26.820533116388827, 26.825196488248903, 26.820787196645917, 26.821517662417072, 26.820705441828515, 26.82315828678967, 26.824789525522316, 26.825302774057477, 26.8206887516921, 26.82122164579513, 26.82010502144492, 26.827596491448308, 26.821993871833502, 26.82658534322926, 26.82582080841677, 26.822834112844003, 26.82088019873135, 26.823007929932754, 26.825024629062376, 26.820745359467693, 26.821374296904445, 26.822611160138326, 26.82256555303555, 26.820602698314868, 26.82064744778087, 26.821542744730916]
mean: 26.822438531356955
lb: 26.821654300038425  ub: 26.823222762675485
lb: 26.82165430003843  ub: 26.82322276267549
ci_lb: 0.0015684626370600085
ci_ub: -0.0015684626370600085
Points:  5
a: [28.766629878535312, 28.7612864820372, 28.76097012803116, 28.760206041734815, 28.76002523912535, 28.76460522883004, 28.761063802171506, 28.761171292586248, 28.763362211349644, 28.765669001956134, 28.76306542674868, 28.764333389152146, 28.76481912437097, 28.76006884150694, 28.761195401884937, 28.766374372438733, 28.764048403245607, 28.761622777264495, 28.761759767141054, 28.760101188185995, 28.765438169178314, 28.760461167477832, 28.764103964442107, 28.762430405818467, 28.767569878229438, 28.76308562127892, 28.760971235594702, 28.76298055953851, 28.7609891308309, 28.765745575068017]
mean: 28.76287179019181
lb: 28.762036525558027  ub: 28.76370705482559
lb: 28.762036525558027  ub: 28.76370705482559
ci_lb: 0.0016705292675638361
ci_ub: -0.0016705292675638361
Points:  6
a: [30.182260733711363, 30.185464059145207, 30.18193589872676, 30.189436089711158, 30.185316749367928, 30.18213623464176, 30.18087971489606, 30.182937149186152, 30.181175296702484, 30.18254516425237, 30.188048575025384, 30.180509368283346, 30.18300100703371, 30.180409310220853, 30.18118494950791, 30.18064841324509, 30.187566194237284, 30.180213490292086, 30.180342658525557, 30.182695278601884, 30.1840109047939, 30.180648172681764, 30.182313015305592, 30.18536763787622, 30.18137516698138, 30.1803992256887, 30.18090364524755, 30.18088555157466, 30.182546775972995, 30.181479709809818]
mean: 30.18262120470823
lb: 30.18170279405293  ub: 30.18353961536353
lb: 30.181702794052935  ub: 30.183539615363532
ci_lb: 0.0018368213105972586
ci_ub: -0.0018368213105972586
Points:  7
a: [31.450717120184798, 31.453533874880222, 31.456385567439813, 31.450066004521524, 31.45128821753724, 31.454146807497548, 31.451902286869814, 31.45111281380898, 31.454363618617627, 31.451610908432208, 31.451817247702326, 31.450271939081368, 31.45013988721011, 31.450695628970806, 31.454353684531174, 31.456195837830695, 31.45036128032369, 31.450192808326918, 31.452666775792814, 31.453570030465976, 31.45258461730532, 31.45058628353406, 31.45048129653239, 31.452364647469278, 31.45370599298257, 31.453205827944736, 31.4541059487518, 31.459109383375402, 31.450443358307993, 31.45003665135102]
mean: 31.452400544919346
lb: 31.451567323031508  ub: 31.453233766807184
lb: 31.45156732303151  ub: 31.453233766807188
ci_lb: 0.0016664437756759298
ci_ub: -0.0016664437756759298
Points:  8
a: [32.415060791348736, 32.415130022705526, 32.411358725751505, 32.410716308739474, 32.410283147816806, 32.41370721248649, 32.411610479410626, 32.41156329610212, 32.41162204491885, 32.41193190358882, 32.411261486831584, 32.412078700275295, 32.41000074448103, 32.41027676904943, 32.41177701254393, 32.410586915582606, 32.41279248780739, 32.410126831269, 32.41302712008678, 32.4100798621045, 32.41519672357862, 32.41112235562488, 32.41115174967858, 32.41278722677052, 32.41366726235291, 32.41344576429817, 32.41032088342869, 32.41232087417859, 32.41513621272661, 32.41325654867223]
mean: 32.41211324880701
lb: 32.41150411958367  ub: 32.41272237803035
lb: 32.41150411958367  ub: 32.41272237803035
ci_lb: 0.0012182584466842172
ci_ub: -0.0012182584466842172
Points:  9
a: [35.45011698126351, 35.45054402602299, 35.451917067192525, 35.45050300304843, 35.45606701857422, 35.45090751898757, 35.450100988995615, 35.45001043641076, 35.45034897639868, 35.45578898115049, 35.45721514373128, 35.45154340172236, 35.45003191325208, 35.45423907038644, 35.45039592525538, 35.4506778942535, 35.45475082240841, 35.45179255284521, 35.450012149815024, 35.45029150973526, 35.45155308165816, 35.45000915350804, 35.454091523028225, 35.45004115856939, 35.4558721155703, 35.45135193673001, 35.45806505236994, 35.45004454247527, 35.452896401770225, 35.45212521901444]
mean: 35.452110185538125
lb: 35.451194898482086  ub: 35.45302547259416
lb: 35.45119489848209  ub: 35.45302547259417
ci_lb: 0.001830574112076988
ci_ub: -0.001830574112076988
