Points:  0
a: [23.853961635824323, 23.854695697126306, 23.850428699407463, 23.850200505162825, 23.855465491837425, 23.852407763475366, 23.85079841592775, 23.85013707399589, 23.85915676197372, 23.85001664323801, 23.850221299608343, 23.850852852049186, 23.85319847463633, 23.850565014921017, 23.851432943701408, 23.85015866760352, 23.852068176677147, 23.851321415556104, 23.851159916897032, 23.85076506798738, 23.85025127737572, 23.850362148148815, 23.850919672360632, 23.854952757891226, 23.850154050635755, 23.853568737808583, 23.850113732813327, 23.853536916127506, 23.851294862189075, 23.850852190264884]
mean: 23.851833962107403
lb: 23.851037758368662  ub: 23.852630165846143
lb: 23.851037758368662  ub: 23.852630165846143
ci_lb: 0.0015924074774815722
ci_ub: -0.0015924074774815722
Points:  1
a: [26.783487197702545, 26.780805231556755, 26.784934281520528, 26.78635755933855, 26.780272550676358, 26.783499890036417, 26.781752753046817, 26.780469618095022, 26.784939996246642, 26.782716524207235, 26.780669842491676, 26.78463640968641, 26.781820022357323, 26.780000237339806, 26.780393863086637, 26.780724614506834, 26.784305820676458, 26.78274134190044, 26.782249384010512, 26.783224562014052, 26.78332687263261, 26.782039882683414, 26.78120164070342, 26.78436599469354, 26.78048934485127, 26.782394038062243, 26.78670014122219, 26.78704618296904, 26.78307352739982, 26.783012597634407]
mean: 26.78278839744496
lb: 26.782048252019766  ub: 26.783528542870155
lb: 26.78204825201977  ub: 26.783528542870158
ci_lb: 0.001480290850388144
ci_ub: -0.001480290850388144
Points:  2
a: [30.171623479849014, 30.170414259252144, 30.17235792600813, 30.171610895297864, 30.170435771668018, 30.170052029731348, 30.171828211865552, 30.170050673752836, 30.17232530534792, 30.177737473960764, 30.171665798000866, 30.174215426613788, 30.17679814334225, 30.174393266719843, 30.17316331578742, 30.177087541752186, 30.170290133207235, 30.173822541261536, 30.173757024398682, 30.17067205853818, 30.178324036733557, 30.170381301147565, 30.170517649715787, 30.1738897358678, 30.171383677434672, 30.171023592571363, 30.170417738749745, 30.172885122202906, 30.17086453696957, 30.176154433424415]
mean: 30.172671436705773
lb: 30.171751124868535  ub: 30.17359174854301
lb: 30.171751124868525  ub: 30.173591748543
ci_lb: 0.0018406236744752391
ci_ub: -0.0018406236744752391
Points:  3
a: [32.420422184245204, 32.421376662973515, 32.4256457965757, 32.4215233875885, 32.42152159450918, 32.42115976299356, 32.420303760867, 32.425338815474106, 32.421549308711135, 32.421055147831524, 32.425153912108016, 32.421166786471225, 32.423618032871055, 32.42096973714865, 32.42071450871132, 32.42045856187161, 32.42150237921181, 32.42196994550874, 32.421422330550726, 32.42102572008096, 32.42070942601228, 32.42082391785523, 32.42073517482954, 32.42260642179783, 32.42112645682678, 32.42030230948819, 32.42178145809353, 32.42148799432967, 32.42159232683053, 32.42319938034272]
mean: 32.42174210675699
lb: 32.42120092582709  ub: 32.42228328768689
lb: 32.421200925827094  ub: 32.422283287686895
ci_lb: 0.0010823618598010398
ci_ub: -0.0010823618598010398
Points:  4
a: [35.1825243884672, 35.18007019396093, 35.185186867362006, 35.18347491002111, 35.181911231271705, 35.180612744903215, 35.18315336532757, 35.187891081265626, 35.184277195741856, 35.18054825424665, 35.180700209515386, 35.180559861202056, 35.180135870294315, 35.180851676202806, 35.18169050042049, 35.18311244982351, 35.18089334435153, 35.18401052888105, 35.180307677787454, 35.18582656236345, 35.1814310768003, 35.182795392334135, 35.1834568379067, 35.18504937661845, 35.183190508265525, 35.181011979387534, 35.18060047827055, 35.18184714718543, 35.181993189800295, 35.183509557747776]
mean: 35.18242081525755
lb: 35.18170030095537  ub: 35.18314132955973
lb: 35.18170030095537  ub: 35.18314132955973
ci_lb: 0.0014410286043613496
ci_ub: -0.0014410286043613496
Points:  5
a: [37.921481386281, 37.92520232391822, 37.920899495971135, 37.92088115083723, 37.92420146142706, 37.92026538675395, 37.92075071338349, 37.92201654759046, 37.922429196270755, 37.92008868486367, 37.925652342977585, 37.92113546993872, 37.92346705884408, 37.92230709458926, 37.92032732884588, 37.92025433529149, 37.92067103392392, 37.920195656916775, 37.921075891267584, 37.92317697519057, 37.92415060958598, 37.92029533553128, 37.924595694137835, 37.92005095990883, 37.927013782963236, 37.921560401535174, 37.92247522717394, 37.92406463488496, 37.92080167078633, 37.925450836212775]
mean: 37.92223128959345
lb: 37.9214867118974  ub: 37.922975867289495
lb: 37.9214867118974  ub: 37.922975867289495
ci_lb: 0.0014891553920932665
ci_ub: -0.0014891553920932665
Points:  6
a: [39.89696126079495, 39.891378074923296, 39.89119905660503, 39.89146582033152, 39.89821085180829, 39.894135809729285, 39.89032736567998, 39.892565242499785, 39.89200239645074, 39.89056865298541, 39.89493256695805, 39.89256248512646, 39.890375992877274, 39.89930712529829, 39.890046687517454, 39.890163265002734, 39.89117549504781, 39.89613087027935, 39.89131809174008, 39.890914158218365, 39.89015776579774, 39.89498584771052, 39.89159342477281, 39.89001995159837, 39.896359348682196, 39.891214224491286, 39.89059101775992, 39.89141517101011, 39.89210961108838, 39.8920106538203]
mean: 39.89253994288686
lb: 39.89157076106462  ub: 39.893509124709105
lb: 39.89157076106462  ub: 39.893509124709105
ci_lb: 0.0019383636444842978
ci_ub: -0.0019383636444842978
Points:  7
a: [43.61020126775182, 43.61022707196861, 43.61022372290855, 43.61218136582302, 43.61003857129199, 43.61201818556501, 43.61410692042368, 43.613773077929565, 43.61054941315317, 43.61528779036039, 43.613459749238366, 43.61013958269482, 43.61507266897335, 43.61583307803464, 43.610594887208705, 43.6184982689808, 43.61182073702947, 43.61074136850208, 43.61296578909954, 43.61141485775917, 43.611949395269704, 43.61728200752406, 43.61001561385498, 43.61222003855878, 43.61093217728447, 43.61067746765735, 43.61075991325617, 43.6119400521211, 43.61500392109973, 43.61180303285733]
mean: 43.612391066472675
lb: 43.61153752922085  ub: 43.6132446037245
lb: 43.61153752922085  ub: 43.6132446037245
ci_lb: 0.0017070745036562585
ci_ub: -0.0017070745036562585
Points:  8
a: [47.43739041660119, 47.43251895876987, 47.430911322239886, 47.430044706174826, 47.43117464123535, 47.43373900394126, 47.43027692796554, 47.43038570905333, 47.43037521799136, 47.4344696699206, 47.43241235867058, 47.43007297078352, 47.43454486699086, 47.43009206301089, 47.430513979089326, 47.4316501797176, 47.43364807098875, 47.43046588569513, 47.4323025694265, 47.43364319820518, 47.437481191695376, 47.4310933355526, 47.435048294981875, 47.43130757502912, 47.43075480476952, 47.434932789727576, 47.4338073973471, 47.430827763686594, 47.431084972711695, 47.43646615885202]
mean: 47.432447900027505
lb: 47.43160794141632  ub: 47.43328785863869
lb: 47.43160794141633  ub: 47.43328785863871
ci_lb: 0.0016799172223755932
ci_ub: -0.0016799172223755932
Points:  9
a: [50.3518123457705, 50.35085182433838, 50.350017020360504, 50.352056131513066, 50.35204876581197, 50.35025322554744, 50.35006959340961, 50.35032884993181, 50.35447647202375, 50.35576122128394, 50.35468650587777, 50.35077490998527, 50.350632779654475, 50.350316105662515, 50.35430042379159, 50.35172136110307, 50.35154260718815, 50.35098772482262, 50.355468293421005, 50.354045015363006, 50.353187828821824, 50.35477509084758, 50.351105655477284, 50.35044108042637, 50.3503872556275, 50.35712882879613, 50.3500111085007, 50.350912552516846, 50.35166647162938, 50.35136973246217]
mean: 50.352104559398875
lb: 50.35135150994191  ub: 50.35285760885584
lb: 50.35135150994191  ub: 50.35285760885584
ci_lb: 0.0015060989139357162
ci_ub: -0.0015060989139357162
