Points:  0
a: [9.173555135140097, 9.170074097240771, 9.172868370426672, 9.170885942628672, 9.170380691145487, 9.176245585265624, 9.17355773488414, 9.171502827207375, 9.173903310601881, 9.172058743971334, 9.17341164989724, 9.1713895806943, 9.170026763805444, 9.171737005855261, 9.17295729639044, 9.172014429505337, 9.170782165943114, 9.170483638888244, 9.170451826934178, 9.170013350692882, 9.170961508120367, 9.171422053839336, 9.17021642689023, 9.175966280991927, 9.171172252544753, 9.17622809173489, 9.178337270246333, 9.175320626722554, 9.176520322116186, 9.174132382844244]
mean: 9.172619245438975
lb: 9.171753215565714  ub: 9.173485275312236
lb: 9.171753215565714  ub: 9.173485275312236
ci_lb: 0.001732059746522907
ci_ub: -0.001732059746522907
Points:  1
a: [10.070950974404857, 10.070128259527197, 10.070160692311076, 10.071984833335392, 10.071334557584521, 10.070278034830771, 10.073205675218526, 10.070371585491168, 10.070883808831892, 10.07629145585115, 10.072557089733127, 10.07010319278464, 10.070544809744629, 10.072359726414247, 10.07039189307211, 10.07115724085297, 10.07677208086625, 10.070114484971663, 10.077995288935762, 10.073698683645535, 10.070118290556863, 10.072109321325222, 10.072641852605033, 10.073306128295409, 10.070879014591155, 10.074408000857861, 10.073952749293388, 10.070168280718025, 10.07133094162496, 10.070784294217251]
mean: 10.072032774749754
lb: 10.07123745331719  ub: 10.072828096182318
lb: 10.071237453317192  ub: 10.07282809618232
ci_lb: 0.0015906428651284443
ci_ub: -0.0015906428651284443
Points:  2
a: [10.78019567479192, 10.780844194863038, 10.780311784879155, 10.781837633722551, 10.783811829334645, 10.780660784372246, 10.783005965442639, 10.78425489222863, 10.782892649418576, 10.785646402522483, 10.782735734420244, 10.783774428927941, 10.785233527710178, 10.781844603647416, 10.785931279661725, 10.783514576208008, 10.78062541152859, 10.780951323436998, 10.780196927357592, 10.78453643328295, 10.781018411016756, 10.781312902274763, 10.782620398885747, 10.781858430035639, 10.786938430596603, 10.78108270204139, 10.78061094012935, 10.782678608324563, 10.783582716476538, 10.782219657104632]
mean: 10.782557641821448
lb: 10.781864207489383  ub: 10.783251076153514
lb: 10.781864207489383  ub: 10.783251076153514
ci_lb: 0.001386868664130958
ci_ub: -0.001386868664130958
Points:  3
a: [11.651058113991528, 11.651531906130133, 11.651689835107943, 11.652620058835398, 11.65105395113391, 11.659062828534289, 11.65014660037142, 11.65125261389827, 11.651681708922835, 11.652929756478985, 11.650648559358718, 11.65187833814858, 11.650988486033894, 11.650732051606603, 11.652079690483022, 11.658582316009335, 11.654324324520363, 11.650085646894064, 11.650393419265345, 11.654705227951938, 11.652141542914878, 11.654615257431198, 11.650922568284427, 11.651829714931042, 11.65092363277145, 11.651469292626786, 11.654647629142929, 11.65086700736944, 11.652571919684494, 11.655685304704548]
mean: 11.652437310117921
lb: 11.651587929107466  ub: 11.653286691128377
lb: 11.65158792910747  ub: 11.65328669112838
ci_lb: 0.0016987620209114596
ci_ub: -0.0016987620209114596
Points:  4
a: [12.853643612316642, 12.85214304270671, 12.85070265999478, 12.852179680565737, 12.85442609173231, 12.850180881392943, 12.854707842480282, 12.851507098241811, 12.856269620805955, 12.850307881429268, 12.850006690915718, 12.850070265250881, 12.857123453758394, 12.850973100381724, 12.850328801688036, 12.850594479006693, 12.851831949348494, 12.859120682762523, 12.851350962552965, 12.85076974986785, 12.85176595799615, 12.85006134652295, 12.852195944136334, 12.850778530353185, 12.852825315136329, 12.850878289157786, 12.851452323324404, 12.853005816475195, 12.850020232963333, 12.852264591402404]
mean: 12.85211622982226
lb: 12.8512757687152  ub: 12.85295669092932
lb: 12.851275768715198  ub: 12.852956690929318
ci_lb: 0.0016809222141205282
ci_ub: -0.0016809222141205282
Points:  5
a: [14.92080231575777, 14.926398855874606, 14.920032179939211, 14.920479906223266, 14.920014284055917, 14.921739001851456, 14.92124368528938, 14.923441221499594, 14.920455930658575, 14.92044452800134, 14.922681477686426, 14.920124538999572, 14.920909901457332, 14.920839435821327, 14.920933982135239, 14.921323173801648, 14.923214204934126, 14.921406180020997, 14.923767856477816, 14.920038205334107, 14.92179696965016, 14.924164899659448, 14.924399682027369, 14.920271421976757, 14.920049909638992, 14.92298925820916, 14.921763640365574, 14.92013092127065, 14.92452948523226, 14.922784436225715]
mean: 14.921772383002523
lb: 14.92114215987477  ub: 14.922402606130275
lb: 14.921142159874767  ub: 14.922402606130271
ci_lb: 0.001260446255503922
ci_ub: -0.001260446255503922
Points:  6
a: [15.83064790760667, 15.83028567735272, 15.830378814092127, 15.833331285892232, 15.831601659360375, 15.836242104527278, 15.833509751610274, 15.832924106486232, 15.836382171462644, 15.835610181448285, 15.83704991209713, 15.832584230271285, 15.830359566048228, 15.831568865517964, 15.830505094611684, 15.830697241206881, 15.830124480573774, 15.831608087665957, 15.83194269705948, 15.83204630553444, 15.831322631870954, 15.830672665917456, 15.831057174956612, 15.832661949753437, 15.832891722410144, 15.830585619183434, 15.831781723977127, 15.830774915170403, 15.830958567323583, 15.833353619818682]
mean: 15.832182024360252
lb: 15.831458643932049  ub: 15.832905404788455
lb: 15.831458643932049  ub: 15.832905404788455
ci_lb: 0.0014467608564068257
ci_ub: -0.0014467608564068257
Points:  7
a: [16.430325724041882, 16.43017683648581, 16.4350081270164, 16.435626068662703, 16.438527988970755, 16.432840485291006, 16.430208067842248, 16.43592805411651, 16.43360894156062, 16.430062918549496, 16.435903672199778, 16.43638893303236, 16.432333399935253, 16.432935629542953, 16.43020178006703, 16.43496739065614, 16.430929664605646, 16.43201616612316, 16.43007785936031, 16.43056200775767, 16.4355144837368, 16.4300179266187, 16.433340987483724, 16.43072509195918, 16.431600759084862, 16.432127864063816, 16.431581393302668, 16.430554552778332, 16.43054359738399, 16.433346800373723]
mean: 16.432599439086786
lb: 16.431705086109577  ub: 16.433493792063995
lb: 16.431705086109577  ub: 16.433493792063995
ci_lb: 0.0017887059544179351
ci_ub: -0.0017887059544179351
Points:  8
a: [17.830640515543745, 17.833428316782197, 17.830079174698444, 17.830645554368047, 17.830931573483383, 17.837838612293723, 17.836563215762585, 17.836017897654173, 17.83045423507736, 17.831577258197175, 17.831432370245054, 17.83414645541477, 17.832389443723123, 17.834721073407763, 17.830222080994293, 17.835641294060085, 17.832501261520274, 17.833943711652896, 17.836054603397493, 17.834909657019608, 17.830169258469137, 17.83307797914976, 17.83073248069439, 17.83622244399879, 17.836045106225313, 17.832179902493507, 17.830178739886303, 17.830946714724664, 17.830647914867097, 17.831050149032663]
mean: 17.832846299827928
lb: 17.83194746523649  ub: 17.833745134419367
lb: 17.83194746523649  ub: 17.833745134419367
ci_lb: 0.0017976691828778257
ci_ub: -0.0017976691828778257
Points:  9
a: [18.370551367868796, 18.373306815918138, 18.37136154579076, 18.370974784035027, 18.37022821234833, 18.370051839790044, 18.372871579982974, 18.371979079695176, 18.374504913179937, 18.37053202901982, 18.37313898774059, 18.373283884617873, 18.371168532339958, 18.371158967668727, 18.37512191407345, 18.370438148773967, 18.371515680698767, 18.372540110688487, 18.37116738249848, 18.37335771266305, 18.371083428921978, 18.371232481191132, 18.3710745734065, 18.370874117768032, 18.37063207908989, 18.37516294870442, 18.370284742424737, 18.372298603469837, 18.37432795552697, 18.374225336524713]
mean: 18.372014991880683
lb: 18.37143565464477  ub: 18.372594329116595
lb: 18.37143565464477  ub: 18.372594329116595
ci_lb: 0.0011586744718243835
ci_ub: -0.0011586744718243835
