Points:  0
a: [7.411114002273047, 7.411290343411272, 7.410004699935603, 7.413517325015851, 7.410657601933655, 7.413430518365622, 7.410000492961568, 7.410081613239629, 7.410184972437194, 7.412445510544063, 7.410439443039081, 7.412981479931522, 7.412853990208815, 7.41035538828958, 7.41618484071024, 7.413890240804883, 7.416682927566808, 7.41241139686224, 7.410684105499471, 7.4126503377469595, 7.4107840833857574, 7.41138524765148, 7.4150994371239145, 7.411129348655892, 7.412957867614361, 7.411186637853317, 7.410325054256644, 7.4120110772999475, 7.410950934304458, 7.4106927245467356]
mean: 7.411946121448987
lb: 7.41127351952941  ub: 7.412618723368564
lb: 7.411273519529411  ub: 7.412618723368565
ci_lb: 0.001345203839154152
ci_ub: -0.001345203839154152
Points:  1
a: [7.622037279692258, 7.625207567565988, 7.620222954516295, 7.62018998164084, 7.620516939632457, 7.6223018603302055, 7.623944182128715, 7.622275482401705, 7.62114514480796, 7.620218865308815, 7.626223530541656, 7.625016591944757, 7.620698427754912, 7.620338951684588, 7.623487923716626, 7.6226421132266, 7.625493009387529, 7.621083587654958, 7.624895496974486, 7.623466535272123, 7.621601006327651, 7.624513398225259, 7.621352436098339, 7.620631786127091, 7.620347781786942, 7.621222000773677, 7.624564766622757, 7.620523452670148, 7.620446244720982, 7.620446925862761]
mean: 7.622235207513302
lb: 7.621513294071858  ub: 7.622957120954747
lb: 7.621513294071858  ub: 7.622957120954747
ci_lb: 0.0014438268828893541
ci_ub: -0.0014438268828893541
Points:  2
a: [8.171840242832213, 8.174488527793743, 8.173140290873487, 8.172634816723779, 8.176482909823976, 8.17014734180818, 8.17457996358826, 8.171092638242111, 8.170404660804085, 8.170963628600587, 8.171036804662467, 8.171855792677777, 8.170137039442166, 8.178200348686637, 8.173286992704593, 8.176221619202382, 8.17465926338032, 8.170372779106703, 8.17130428224809, 8.17213471412654, 8.174071263455236, 8.173528468379738, 8.170958264173027, 8.170279259338614, 8.174258126307134, 8.17564693880796, 8.172068683809997, 8.176062687325294, 8.174041353803394, 8.17039504274443]
mean: 8.172876491515764
lb: 8.172043286681077  ub: 8.17370969635045
lb: 8.172043286681081  ub: 8.173709696350453
ci_lb: 0.0016664096693723707
ci_ub: -0.0016664096693723707
Points:  3
a: [8.85117939979089, 8.852508633832823, 8.850151254442379, 8.858603603978318, 8.850779092677902, 8.85172674015777, 8.85262312799298, 8.855504545050158, 8.850187013087249, 8.85075094140104, 8.853383472095633, 8.855245294733717, 8.850026316363474, 8.85166396104357, 8.850354547580064, 8.850185418295188, 8.851116870499865, 8.852920708616193, 8.850298282860122, 8.85455825651158, 8.858030288251864, 8.853577120881445, 8.852861085521766, 8.850021434730404, 8.853629702408695, 8.854241988605501, 8.85001910232532, 8.852838724708443, 8.854813561544727, 8.85336558319959]
mean: 8.852572202439625
lb: 8.85170520874938  ub: 8.85343919612987
lb: 8.851705208749378  ub: 8.853439196129868
ci_lb: 0.0017339873804900208
ci_ub: -0.0017339873804900208
Points:  4
a: [9.350101051511256, 9.350882276805415, 9.355655141011678, 9.352312170499014, 9.350109313374322, 9.35104108131859, 9.352904126999547, 9.355279018938502, 9.35288169520874, 9.350035208799625, 9.350392502078755, 9.350081042540664, 9.350927779234524, 9.350684486053797, 9.355294239465822, 9.353186542095491, 9.357334671833724, 9.35217706188542, 9.350916576243343, 9.35234442970677, 9.350441132259931, 9.350611895345322, 9.35428226984529, 9.353956339785741, 9.351508480312875, 9.353296151967225, 9.352254647206736, 9.350374575401604, 9.35091473300561, 9.356956691366324]
mean: 9.352304577736723
lb: 9.35151037759909  ub: 9.353098777874354
lb: 9.35151037759909  ub: 9.353098777874354
ci_lb: 0.001588400275263524
ci_ub: -0.001588400275263524
Points:  5
a: [9.89361024519666, 9.890877121339212, 9.890904083119484, 9.89022797993499, 9.890425581757953, 9.890339166911566, 9.89488070554915, 9.891090144895495, 9.894252741397693, 9.892576416906676, 9.890150266534738, 9.890645373855113, 9.890186181817118, 9.891965002828197, 9.890657486015584, 9.890385279630731, 9.892083158261087, 9.890542035556747, 9.890778843142167, 9.891012760939761, 9.891446789480314, 9.890750929379285, 9.89029500446067, 9.89030763201932, 9.891657937398776, 9.89331400289725, 9.894993919312714, 9.890215007214978, 9.893218774134768, 9.893002046990075]
mean: 9.891559753962609
lb: 9.891005786404602  ub: 9.892113721520616
lb: 9.891005786404602  ub: 9.892113721520616
ci_lb: 0.001107935116014147
ci_ub: -0.001107935116014147
Points:  6
a: [10.030163962767615, 10.037720907474277, 10.032151200437637, 10.031656831013969, 10.030841868890638, 10.033150830677425, 10.03840863142371, 10.031585003084443, 10.037190939169566, 10.034286363633255, 10.032013925537948, 10.030865087015323, 10.03417029928482, 10.034413784913454, 10.033472168396402, 10.032063378051559, 10.033602140483989, 10.033355882754321, 10.034075635877432, 10.030361241202126, 10.030667397620798, 10.036485013071626, 10.034519628516888, 10.030695401084722, 10.036577473717857, 10.033531259444171, 10.031260361507703, 10.03123922784986, 10.03126341130974, 10.031923091014253]
mean: 10.033123744907586
lb: 10.032261175654176  ub: 10.033986314160996
lb: 10.032261175654174  ub: 10.033986314160995
ci_lb: 0.001725138506820656
ci_ub: -0.001725138506820656
Points:  7
a: [10.255548537701443, 10.256181019528759, 10.254256822112392, 10.25087607847551, 10.250800005970978, 10.258273505249642, 10.252355251074984, 10.250070968704678, 10.253321187594494, 10.250034480151863, 10.25381800195565, 10.251076443444965, 10.250237647313838, 10.252190292544594, 10.250199531495484, 10.250058554462171, 10.25051724737422, 10.251581104160044, 10.254535243678848, 10.251351332103836, 10.251472910644258, 10.250888484072304, 10.250756815721614, 10.250441805009752, 10.252230233720633, 10.256615259532145, 10.250853057685212, 10.250145138895446, 10.254784886031272, 10.251221384772276]
mean: 10.25222310770611
lb: 10.251377615048664  ub: 10.253068600363555
lb: 10.251377615048664  ub: 10.253068600363555
ci_lb: 0.0016909853148909804
ci_ub: -0.0016909853148909804
Points:  8
a: [10.631745103659975, 10.632810956600633, 10.637553653426782, 10.632773756498878, 10.630004365460689, 10.63022995256934, 10.630292660218416, 10.63063074203332, 10.633455143852892, 10.630686328079811, 10.63483638846656, 10.631357396876561, 10.63205499378838, 10.631812038575623, 10.630723426777037, 10.630027876482782, 10.630837289441795, 10.633783594974348, 10.63008855565562, 10.633893710440196, 10.636101610431139, 10.630109748652108, 10.63018171752218, 10.633662748635203, 10.631263104310833, 10.633994493588023, 10.630006034955223, 10.63020843790571, 10.633672849184672, 10.631880511092032]
mean: 10.632022639671893
lb: 10.631280113541758  ub: 10.632765165802029
lb: 10.631280113541758  ub: 10.632765165802029
ci_lb: 0.0014850522602714022
ci_ub: -0.0014850522602714022
Points:  9
a: [10.932487491974273, 10.934893080291936, 10.933435496583678, 10.934755768474083, 10.930895786280216, 10.936278325291212, 10.930660511742795, 10.933535303553095, 10.930328766057327, 10.930222445535286, 10.932455291712383, 10.930817221538398, 10.935456360934786, 10.932841420814757, 10.937564072641814, 10.930667945971923, 10.93092592335163, 10.930429035365746, 10.931675031698605, 10.931145056090953, 10.930008403134593, 10.930121631868808, 10.930443456838157, 10.934623207215775, 10.930357513369213, 10.932248835294835, 10.932383121760951, 10.931629986353563, 10.93517403617126, 10.930528181761886]
mean: 10.932299623655798
lb: 10.931512894715752  ub: 10.933086352595843
lb: 10.931512894715752  ub: 10.933086352595843
ci_lb: 0.0015734578800916665
ci_ub: -0.0015734578800916665
