Points:  0
a: [0.033328170621546284, 0.030493939419485003, 0.032881326332698746, 0.02986362368051064, 0.029982023612060406, 0.0319786856912243, 0.03179561705624559, 0.036405932675252946, 0.0315403680753945, 0.029808470550885476, 0.034295313087560224, 0.030028833049700582, 0.03019748679028315, 0.03422867887002183, 0.03013174679108798, 0.03636056750062861, 0.030205904332831438, 0.029918382366526514, 0.029920812854535662, 0.03266035297747914, 0.030647302022084905, 0.03075879210562429, 0.02996748221228767, 0.031227425537402556, 0.030960124442359006, 0.030960739044757078, 0.030451539226258647, 0.03238990528407176, 0.032503416305714676, 0.03422747745585664]
mean: 0.031670681332412534
lb: 0.030960596944448474  ub: 0.0323807657203766
lb: 0.030960596944448474  ub: 0.0323807657203766
ci_lb: 0.0014201687759281233
ci_ub: -0.0014201687759281233
Points:  1
a: [0.03677255012533083, 0.04530726218998989, 0.039434892047021046, 0.03711905200098104, 0.038632100300790825, 0.03657308070437794, 0.03926876724529882, 0.040993918250567925, 0.038438447320386294, 0.04066730056291171, 0.041390423795775816, 0.04093470799955317, 0.03986762857621253, 0.040685884704163955, 0.043812038574696635, 0.03771146321837528, 0.03874455411886916, 0.03685993307104696, 0.04283846694716974, 0.0393250666426084, 0.03870985249166995, 0.03667053828431761, 0.04418438822009856, 0.04335212612076349, 0.03723490453479024, 0.041179155238101624, 0.03864293709774385, 0.0373467739044545, 0.041750885730771466, 0.03671301096859463]
mean: 0.039705403699581136
lb: 0.038777918935068365  ub: 0.04063288846409391
lb: 0.03877791893506836  ub: 0.0406328884640939
ci_lb: 0.0018549695290255436
ci_ub: -0.0018549695290255436
Points:  2
a: [0.04464131065489622, 0.04073074484116738, 0.04531627666328862, 0.03932442581352868, 0.0392112379959553, 0.04085269303021161, 0.03922037809162965, 0.04017352185801332, 0.04399923096341443, 0.03920190974000567, 0.04322592660974707, 0.04227086266426727, 0.04245894489751927, 0.044238418941904334, 0.03966954687842563, 0.03949013303935021, 0.03995226606563038, 0.03961805855311841, 0.04260279134811329, 0.04262359941939126, 0.040339620854178714, 0.03920727406037253, 0.041043922561451056, 0.041161650181592034, 0.04428719304897574, 0.03952832546050851, 0.040348396470440334, 0.04206392185727163, 0.03958329770507183, 0.039427711878188235]
mean: 0.04119378640492096
lb: 0.04047627536362718  ub: 0.04191129744621474
lb: 0.04047627536362718  ub: 0.04191129744621474
ci_lb: 0.001435022082587556
ci_ub: -0.001435022082587556
Points:  3
a: [0.041517533644311704, 0.04184362440096024, 0.04157583499537627, 0.04207141099041401, 0.043888120259116016, 0.043154887916775596, 0.04156536346221459, 0.04635247194955508, 0.042201073805617634, 0.041514617982789534, 0.041842738189172675, 0.04452277060892621, 0.04199192443734055, 0.04521610011119457, 0.044849578517219144, 0.04172037876891019, 0.045373087487455804, 0.04177540661795039, 0.045845997560298925, 0.04150399367038996, 0.04208183608236552, 0.04692249670378849, 0.0420028290015974, 0.04360020798340058, 0.04301298080240391, 0.04471656521818053, 0.04369492599221203, 0.04160016680898758, 0.0418930110942397, 0.044775270254175714]
mean: 0.04315424017724469
lb: 0.04252584849086216  ub: 0.043782631863627214
lb: 0.04252584849086216  ub: 0.043782631863627214
ci_lb: 0.0012567833727650524
ci_ub: -0.0012567833727650524
Points:  4
a: [0.05138740118006941, 0.05459817213124482, 0.05572756107636743, 0.04968027224088609, 0.052483186280725465, 0.05111266156702513, 0.05027659717161336, 0.05046778516257162, 0.05030976070683876, 0.050773451413947325, 0.052263338402304294, 0.057513991199832484, 0.05315802572873832, 0.054278094508718615, 0.04999642891710135, 0.05030333910011151, 0.050030811136605735, 0.04995817592907556, 0.052007150193586905, 0.0542123132497371, 0.051276614225364156, 0.05740088412020731, 0.05209298769861816, 0.0512970879595453, 0.05256879772580736, 0.05380430382734238, 0.052333535825774526, 0.050828248868207235, 0.05148923831032755, 0.056324075019710436]
mean: 0.052331809695933526
lb: 0.05149726781023332  ub: 0.053166351581633735
lb: 0.05149726781023333  ub: 0.05316635158163375
ci_lb: 0.0016690837714004175
ci_ub: -0.0016690837714004175
Points:  5
a: [0.06148961653054867, 0.05875542058687598, 0.06145651911795567, 0.06444631012378266, 0.06242058076755078, 0.05853137467815699, 0.06322827937010116, 0.0679345853786484, 0.0592807478925419, 0.06109849631792548, 0.059605568229213764, 0.06171601521897185, 0.06029742938384542, 0.058564850483820555, 0.062066274357961845, 0.0652152235060466, 0.06398177245358982, 0.05970889351393838, 0.05877593063491509, 0.062125763491315884, 0.06535082592498678, 0.059023906243399114, 0.0596057809642948, 0.0590157666319093, 0.06491085253812384, 0.06039661402411668, 0.05975395653415847, 0.058593203685026476, 0.06083579783482171, 0.06707450960993032]
mean: 0.06150869553428249
lb: 0.060511225314163704  ub: 0.06250616575440127
lb: 0.060511225314163704  ub: 0.06250616575440127
ci_lb: 0.0019949404402375623
ci_ub: -0.0019949404402375623
Points:  6
a: [0.07010747937002232, 0.06281867655789598, 0.06477264236290665, 0.06633754386296202, 0.06716311568859984, 0.06352863073598905, 0.06418742684618689, 0.0662200717358451, 0.064939521270851, 0.06317931626819388, 0.06266612242199396, 0.06424123623199236, 0.06654529377298449, 0.0647090554037958, 0.06407399250525285, 0.0637115795698681, 0.064315700136731, 0.06265828045882679, 0.06365027802346829, 0.06582399338835429, 0.06263338029925895, 0.06775761848783708, 0.06283278828700282, 0.06429848625878319, 0.06718537638825398, 0.06972055887821915, 0.06322540898709827, 0.06351656723705955, 0.06495411793697235, 0.0631155391621608]
mean: 0.06482965995117888
lb: 0.06407660167423619  ub: 0.06558271822812158
lb: 0.06407660167423618  ub: 0.06558271822812156
ci_lb: 0.0015061165538853838
ci_ub: -0.0015061165538853838
Points:  7
a: [0.07915213924622234, 0.07559309397815882, 0.07517392991668953, 0.07852218169594748, 0.07530672419331136, 0.0778341141210307, 0.07528926822025363, 0.07662893825187858, 0.07727013443082183, 0.0746386575628369, 0.07463579456441462, 0.07493589609890608, 0.07510029512963978, 0.07865311637702745, 0.07775066380415226, 0.07485496693279856, 0.07696216230093081, 0.07492456165186641, 0.07458283530530996, 0.07567664390338266, 0.07898428419065799, 0.07602234414384916, 0.0785996778171447, 0.07773858201192706, 0.07688881656202105, 0.0757131460742501, 0.07910281969515334, 0.08076351798628405, 0.0786320422563353, 0.07506972050399258]
mean: 0.0767000356309065
lb: 0.07604317133937129  ub: 0.0773568999224417
lb: 0.07604317133937129  ub: 0.0773568999224417
ci_lb: 0.0013137285830704115
ci_ub: -0.0013137285830704115
Points:  8
a: [0.08505254247719343, 0.08920131852026343, 0.08563704983802839, 0.08984741322488907, 0.08924689927709448, 0.08522021973644864, 0.08673352756953118, 0.09300058264142257, 0.09067273640892438, 0.08653100328111733, 0.08926482926937172, 0.08505482510635734, 0.08725359763702704, 0.0851857504846298, 0.08568555028256582, 0.0936530455623791, 0.08594928526231287, 0.08934930780830201, 0.08567437736243899, 0.0889425527563687, 0.09119393032548545, 0.09228357462603852, 0.09089969534094172, 0.08651188675050947, 0.09257199796267043, 0.08737609751510882, 0.08567650512294805, 0.08893204115123075, 0.08809905951854943, 0.08778865696941342]
mean: 0.08828299532631873
lb: 0.08730953684889657  ub: 0.08925645380374088
lb: 0.08730953684889657  ub: 0.08925645380374088
ci_lb: 0.0019469169548443077
ci_ub: -0.0019469169548443077
Points:  9
a: [0.09415968262941675, 0.09370196420141044, 0.09689461930059778, 0.09442297440670062, 0.094685808643773, 0.0936721891676278, 0.09719237367985058, 0.09353951353299454, 0.09376235341872646, 0.09764569163355485, 0.09418538469842519, 0.0935079573047896, 0.09359307339272384, 0.09724139411557857, 0.09434800791418892, 0.0936865021062068, 0.09532397293200037, 0.09457295955341331, 0.09423867586892683, 0.09485274347899118, 0.09794620967076453, 0.09827858696988157, 0.09439164401439956, 0.09572330467532793, 0.09614987358619703, 0.09425156833386907, 0.09588196515297592, 0.09473913337258058, 0.09423898058757152, 0.09709624500156097]
mean: 0.09513084511150088
lb: 0.09457574122478368  ub: 0.09568594899821808
lb: 0.09457574122478368  ub: 0.09568594899821808
ci_lb: 0.0011102077734344018
ci_ub: -0.0011102077734344018
