Points:  0
a: [0.043654619727099345, 0.04522575802907745, 0.044993420752228536, 0.045272200376956374, 0.044000637596315575, 0.04459823706432154, 0.04576108242498872, 0.044720713108601526, 0.047114218304936284, 0.04369429898672592, 0.04461824887704566, 0.047288312213518105, 0.04438664676037815, 0.046331269554781264, 0.04396298565894306, 0.04386875936401111, 0.04814293795251418, 0.04441271653278968, 0.044267707058021376, 0.04921147791829673, 0.044329537678742044, 0.043978638228114604, 0.043985977415260585, 0.04671727805319225, 0.04685428717012623, 0.04746066840220039, 0.04537669453278278, 0.04937839645477882, 0.048888156637677566, 0.04650577284104565]
mean: 0.045633388522515715
lb: 0.04498316787216695  ub: 0.04628360917286448
lb: 0.04498316787216695  ub: 0.04628360917286448
ci_lb: 0.0013004413006975357
ci_ub: -0.0013004413006975357
Points:  1
a: [0.08560977347571287, 0.09143640608224571, 0.08379126157380969, 0.08724207672251723, 0.083864830940802, 0.08388352721661553, 0.08473930440960341, 0.08409072888547708, 0.08486342028353512, 0.08387754657447158, 0.08870737387803318, 0.09216665342201702, 0.08702750184267716, 0.0845545450936676, 0.08515329699164192, 0.08394369981361766, 0.08587865916097356, 0.08370965938693933, 0.08564212098432818, 0.08419167585991029, 0.08401824633954692, 0.08557434549789052, 0.08503796852384814, 0.0852034779628694, 0.08879860967237868, 0.08587513645961455, 0.0851247952827201, 0.08612701970140933, 0.08460087978781045, 0.08756187710236335]
mean: 0.08574321396430157
lb: 0.08493749481720497  ub: 0.08654893311139816
lb: 0.08493749481720496  ub: 0.08654893311139815
ci_lb: 0.0016114382941931904
ci_ub: -0.0016114382941931904
Points:  2
a: [0.10156193705689755, 0.09990700987394797, 0.10209740480437042, 0.1009257334113267, 0.10121409876541493, 0.10036904272971595, 0.10142623073849678, 0.10539752305656037, 0.10604859617431342, 0.09955077040197674, 0.10313249112861272, 0.1013079671570454, 0.10267658304541338, 0.10147828612598406, 0.10239606547235473, 0.09959791074684961, 0.10046862353155793, 0.10024122850413458, 0.10312091867151742, 0.1047978242033597, 0.10086474308133991, 0.10295611234270191, 0.10010581387809264, 0.09951355784488562, 0.10482033788999977, 0.10670106945667379, 0.10628197392644327, 0.10329373713646765, 0.10005399257004573, 0.10079584373834279]
mean: 0.10210344758216144
lb: 0.10130327281718293  ub: 0.10290362234713996
lb: 0.10130327281718295  ub: 0.10290362234713997
ci_lb: 0.0016003495299570236
ci_ub: -0.0016003495299570236
Points:  3
a: [0.13770249466474357, 0.1392302980189861, 0.13678193460015148, 0.13691308750844802, 0.13896105430783579, 0.13784533808276303, 0.1402458088976062, 0.1418082517659777, 0.13675133247362903, 0.1395434550166764, 0.14082089168224318, 0.14344100298187326, 0.14445579955601429, 0.14013003405609262, 0.14276157589590524, 0.1380883114839131, 0.1435324815478553, 0.14515622882687695, 0.13712259455601578, 0.13702574926687486, 0.13710358725852692, 0.14000113976752387, 0.14384241801353703, 0.13686754145788108, 0.13684319523472185, 0.14171025496070183, 0.1399629657844488, 0.13996578302666474, 0.13682053310775646, 0.1398317563932227]
mean: 0.13970889667318223
lb: 0.13873103094894432  ub: 0.14068676239742015
lb: 0.13873103094894434  ub: 0.14068676239742017
ci_lb: 0.001955731448475828
ci_ub: -0.001955731448475828
Points:  4
a: [0.17331637441418182, 0.17274041092894427, 0.1731251647620317, 0.173092517056946, 0.17472866663551304, 0.1726300566818498, 0.17262020620520194, 0.1729076195333392, 0.17629809911629477, 0.1727970485618327, 0.17474307397708208, 0.17281498824675315, 0.17346260470013852, 0.17294038253190003, 0.17495772612226063, 0.1733557250531863, 0.17314919995830122, 0.17283520581459677, 0.1736045058262847, 0.1742695309771878, 0.17779049794226912, 0.17521770181686425, 0.17892817709279651, 0.17348521580376486, 0.17701636541277263, 0.1730116596353503, 0.17264156621823168, 0.17922339125491332, 0.17474326904028378, 0.17663742553283196]
mean: 0.17430281256179686
lb: 0.1735847169431663  ub: 0.17502090818042743
lb: 0.17358471694316627  ub: 0.1750209081804274
ci_lb: 0.0014361912372611307
ci_ub: -0.0014361912372611307
Points:  5
a: [0.21821691000246562, 0.21903506799726633, 0.2193637793042086, 0.22283084844437454, 0.21950524289898768, 0.2214597197718977, 0.21872285603609715, 0.22416267903240633, 0.21908214704045575, 0.22008131819977678, 0.21826905653041828, 0.21831895017718211, 0.22129191758593958, 0.21922935211848946, 0.2181043431216688, 0.22026605961975446, 0.22026783795082536, 0.22360018413714727, 0.22393690639463362, 0.21886508076511463, 0.2189559975848329, 0.22127131486684337, 0.2192797818253536, 0.22069044025580614, 0.22602441535649007, 0.21920475135002573, 0.2229549034749282, 0.21831371521290616, 0.2187875159127684, 0.221653724883235]
mean: 0.22039156059507667
lb: 0.2196067940622368  ub: 0.22117632712791654
lb: 0.21960679406223682  ub: 0.22117632712791657
ci_lb: 0.0015695330656797513
ci_ub: -0.0015695330656797513
Points:  6
a: [0.23954203453616527, 0.24009719769651522, 0.23933275329429177, 0.2400711596357501, 0.24384242848942536, 0.24071499384420333, 0.23987884106675061, 0.23886234125610492, 0.24264084578765094, 0.24128432152546647, 0.24065296476926962, 0.2398043084678773, 0.2412074538496256, 0.241041234263584, 0.24628441971225942, 0.24103473489248245, 0.2415557821310532, 0.24255279680847786, 0.2396471031550795, 0.23980586742769272, 0.24110135051354248, 0.24221099116078113, 0.2439946869043856, 0.23960529196919547, 0.24020317479844325, 0.24552953904474922, 0.24561863362621503, 0.23888215755028466, 0.2409371735826927, 0.24263569704932894]
mean: 0.24135240929364485
lb: 0.24060189275120072  ub: 0.24210292583608897
lb: 0.24060189275120072  ub: 0.24210292583608897
ci_lb: 0.001501033084888248
ci_ub: -0.001501033084888248
Points:  7
a: [0.2612915630399596, 0.2654576193098628, 0.2657831513854113, 0.26890366515787034, 0.2622349877154384, 0.26335431554326066, 0.26323464973577754, 0.2617185874955527, 0.2619072335106902, 0.26633711072063565, 0.2657563237252446, 0.2650452114207432, 0.2631064325517491, 0.265654386316178, 0.26206317078421004, 0.26150347063133805, 0.26590807436011377, 0.2632020782864355, 0.26192677653893526, 0.2626872098434388, 0.26175400933269616, 0.26257676735193275, 0.2667547176662142, 0.2658520241308202, 0.26270693040029436, 0.26375107815942495, 0.26137255666880466, 0.26216778627369025, 0.26319515399902105, 0.263257139883512]
mean: 0.26368213939797525
lb: 0.2629479965195446  ub: 0.2644162822764059
lb: 0.2629479965195446  ub: 0.2644162822764059
ci_lb: 0.0014682857568613095
ci_ub: -0.0014682857568613095
Points:  8
a: [0.2819502787590842, 0.28411376423186196, 0.2818003171198097, 0.2823728350271334, 0.2819976592120152, 0.28670723555692584, 0.2874950009769531, 0.28246315201901345, 0.2818114682406394, 0.28215100643681945, 0.2856458931976307, 0.2828665477080001, 0.2821299880341235, 0.2850397963616018, 0.2820696623231572, 0.28498088210887906, 0.2831940836274032, 0.2819430229152689, 0.28393399559366994, 0.28185527500158364, 0.2895582738895236, 0.28180054594724435, 0.28417699291726717, 0.28301858979430744, 0.28197143700483984, 0.2842872421278377, 0.2832637245800456, 0.28204233113975097, 0.285500072276865, 0.28814348119741234]
mean: 0.2836761518442223
lb: 0.2828851299067766  ub: 0.28446717378166797
lb: 0.2828851299067766  ub: 0.28446717378166797
ci_lb: 0.001582043874891359
ci_ub: -0.001582043874891359
Points:  9
a: [0.32050192579591613, 0.32377502946546244, 0.320637561644655, 0.32136730141330655, 0.31939991689248365, 0.3196606739277407, 0.32315512583449735, 0.3217191027743647, 0.3188128080298616, 0.3237348672765771, 0.31903640351507845, 0.32123531105422937, 0.3197628635605768, 0.31948030668832095, 0.32415074292117385, 0.3227995905311226, 0.3241048516910424, 0.32169396329698857, 0.3198330729686556, 0.31940102906680257, 0.32083795639499285, 0.3187070123706521, 0.31885445135804785, 0.32040101672643756, 0.3214657592612891, 0.3193830639557318, 0.3266338739151902, 0.3233798892856208, 0.32299874862406197, 0.32416772793736914]
mean: 0.3213697316059417
lb: 0.32059336897360596  ub: 0.3221460942382774
lb: 0.32059336897360596  ub: 0.3221460942382774
ci_lb: 0.0015527252646714285
ci_ub: -0.0015527252646714285
