Points:  0
a: [0.08851421066131268, 0.08864232715113116, 0.08726150947501415, 0.0909268260657095, 0.08707544661520941, 0.09200818078842567, 0.08619070571293966, 0.08752243126160851, 0.08814546878118007, 0.08536406179784892, 0.08642563326953731, 0.08839064127946654, 0.0852759240405233, 0.09287736615909972, 0.08572602960019965, 0.0853526156830432, 0.0885331303071518, 0.0903469603310963, 0.08579171132765173, 0.08780656551789016, 0.08648267139656936, 0.08589959813560145, 0.0852223221125294, 0.08843076867918549, 0.09082772041939144, 0.08835806728750176, 0.08526263202668972, 0.08951346231100508, 0.08792010142535253, 0.08564452711665893]
mean: 0.08772465389121749
lb: 0.08693494224273556  ub: 0.08851436553969942
lb: 0.08693494224273556  ub: 0.08851436553969942
ci_lb: 0.0015794232969638666
ci_ub: -0.0015794232969638666
Points:  1
a: [0.1818941017885223, 0.18210829305990478, 0.17590838929547617, 0.17636117580858515, 0.17734693417562028, 0.17977171772534456, 0.178252613986398, 0.18013474438729976, 0.18244477931975658, 0.177410356087135, 0.18138344098114598, 0.17755278954760775, 0.176524790075874, 0.17623831589362066, 0.18074758778113534, 0.17939151073523882, 0.1775321219653057, 0.17564211625741588, 0.17582375318829094, 0.17677848744504654, 0.18342538741929898, 0.18067682155096426, 0.17765076437641222, 0.17575647753198423, 0.18058136777536216, 0.17708225643317768, 0.17645051926917957, 0.1796149931237051, 0.17638786470161055, 0.17587297852084424]
mean: 0.17842491500690874
lb: 0.1775429373073941  ub: 0.1793068927064234
lb: 0.17754293730739412  ub: 0.17930689270642342
ci_lb: 0.0017639553990292933
ci_ub: -0.0017639553990292933
Points:  2
a: [0.23486811699989993, 0.23001788542073465, 0.22943239959987813, 0.23191496836827974, 0.23543532953622645, 0.23015500994067326, 0.23270533035432533, 0.23571207492853774, 0.2333641802184872, 0.2301888371884319, 0.23001604382298424, 0.23066256739257596, 0.23148434616328606, 0.23572800219556253, 0.22979026940229003, 0.2357158744523753, 0.23013487762474535, 0.23013334754117618, 0.23007944992122994, 0.2310798245668948, 0.2302088614967421, 0.23036299535795743, 0.23290998702157167, 0.23306622495072962, 0.23279680553847334, 0.23490895976117804, 0.23019673937574314, 0.23021200508263456, 0.23480708482530802, 0.23004834359844586]
mean: 0.2319378914215793
lb: 0.2311220726099391  ub: 0.2327537102332195
lb: 0.23112207260993906  ub: 0.23275371023321945
ci_lb: 0.0016316376232803909
ci_ub: -0.0016316376232803909
Points:  3
a: [0.3199697734636532, 0.3205474086138228, 0.3186740613549363, 0.3217979133513024, 0.3192565278833943, 0.32509977389831896, 0.3203600968314265, 0.32009106020568895, 0.32359696611419503, 0.3193609225776234, 0.31987379644906366, 0.3234369515820676, 0.3198834179413281, 0.3208998708403911, 0.32092385107493543, 0.3192596628110027, 0.32119822818043525, 0.32061354836293166, 0.3199183769199994, 0.31955997484689186, 0.323723560987127, 0.32032568978832526, 0.3186777681834807, 0.3200929155818734, 0.318527473319592, 0.3193768824234199, 0.32219073739507864, 0.3218963117534601, 0.31907206490153867, 0.32318042833364624]
mean: 0.3207128671990317
lb: 0.3200780661085147  ub: 0.3213476682895487
lb: 0.3200780661085148  ub: 0.3213476682895488
ci_lb: 0.001269602181034002
ci_ub: -0.001269602181034002
Points:  4
a: [0.3506096212979214, 0.3419091129705633, 0.34474425301691786, 0.3420210496922693, 0.3431019441108152, 0.34244855021983645, 0.34336953642772816, 0.342508485220903, 0.3473461751441088, 0.3418624158686912, 0.34338520032994374, 0.3448089039185404, 0.3418820082534987, 0.34740613936973436, 0.3424168641988917, 0.34404289608972605, 0.34776266512750464, 0.3419443360679745, 0.342264348627219, 0.3456431466686565, 0.3453904220923361, 0.3443393658316507, 0.3487069814743208, 0.34227819738189214, 0.34422039865633797, 0.3421235928075028, 0.34197944830023946, 0.3430297411296102, 0.3418645527022729, 0.3424736889784518]
mean: 0.3439294680658687
lb: 0.34305140214658597  ub: 0.34480753398515146
lb: 0.3430514021465859  ub: 0.3448075339851514
ci_lb: 0.001756131838565489
ci_ub: -0.001756131838565489
Points:  5
a: [0.38502908786644024, 0.3859290627505654, 0.3934141635720782, 0.38810239224182114, 0.38746668359028347, 0.3893842658105959, 0.3848319717144379, 0.3861810127985635, 0.3867305421290614, 0.3859855436260402, 0.387128460756549, 0.39123867131930035, 0.3872392438197005, 0.38593382318008845, 0.38718770559066124, 0.3854966746511355, 0.385083075360104, 0.3858855404246172, 0.3871500829287947, 0.3868487452653121, 0.391082921357869, 0.3927883833494213, 0.3851436200547146, 0.38489267167528207, 0.3850086704613045, 0.3873956944809027, 0.39290858188999495, 0.3854019383964432, 0.38694293157474685, 0.38591353700660525]
mean: 0.38732418998811446
lb: 0.3863839314691822  ub: 0.3882644485070467
lb: 0.38638393146918215  ub: 0.38826444850704667
ci_lb: 0.0018805170378645153
ci_ub: -0.0018805170378645153
Points:  6
a: [0.45320253946205413, 0.4523825863545816, 0.45843895634960435, 0.45529745697250656, 0.4568135762557042, 0.45346183078596913, 0.45613077546241526, 0.4536261914687084, 0.45482749720796223, 0.4545279536530263, 0.45512842113332314, 0.4532200397641939, 0.4534547805319988, 0.4597553071808298, 0.45239431517160134, 0.4600281422406782, 0.45323095017045323, 0.45688105156336184, 0.45281693316431765, 0.4539682259566182, 0.45692210635284697, 0.45316882836745775, 0.45304748221339824, 0.4532570545760282, 0.45985250648333753, 0.45366118591859156, 0.4544330803279748, 0.459318450802813, 0.45592841060608574, 0.4522001104606457]
mean: 0.4550458915653029
lb: 0.454140028082849  ub: 0.4559517550477568
lb: 0.454140028082849  ub: 0.4559517550477568
ci_lb: 0.0018117269649078338
ci_ub: -0.0018117269649078338
Points:  7
a: [0.5418764939607742, 0.5421015405693862, 0.5429185712723072, 0.5415238239918524, 0.541311757316873, 0.5422974754899771, 0.5435229993246095, 0.5419341161984196, 0.5422927329414816, 0.5442746842162259, 0.5452552911150083, 0.5422828013017009, 0.5456148264503125, 0.5439651848563207, 0.5415048549122493, 0.5412108907908261, 0.5461701699822942, 0.5412491412649699, 0.5412907496738035, 0.5465350909100006, 0.5435184869932657, 0.548795098845668, 0.547511293452646, 0.5423245922778628, 0.5444641131359569, 0.5457817608343241, 0.546014305443356, 0.542225420671661, 0.543864415681479, 0.5430407039232752]
mean: 0.5435557795932963
lb: 0.5427830737111651  ub: 0.5443284854754274
lb: 0.5427830737111651  ub: 0.5443284854754274
ci_lb: 0.0015454117642623721
ci_ub: -0.0015454117642623721
Points:  8
a: [0.5698479246385316, 0.5745031341301474, 0.5727351446831112, 0.5728695621129525, 0.5700950290321513, 0.5712925993243042, 0.5704930578306313, 0.5703282690534875, 0.5778770976558789, 0.5717583742310053, 0.5705939260505152, 0.5754979428776595, 0.5757395062479249, 0.5713856268657908, 0.5729148266825592, 0.5695915593724459, 0.5699169637878305, 0.5730879683769965, 0.5699862414343768, 0.5763532364631317, 0.5709939832436539, 0.5704886095290719, 0.5703427378472078, 0.5696971759548193, 0.5699960476324648, 0.5699406712304804, 0.572384379756131, 0.570991603221832, 0.5749066887918771, 0.5733006497691144]
mean: 0.5719970179276027
lb: 0.5711459875537704  ub: 0.572848048301435
lb: 0.5711459875537703  ub: 0.5728480483014349
ci_lb: 0.0017020607476645466
ci_ub: -0.0017020607476645466
Points:  9
a: [0.6433554837467441, 0.6375473624911043, 0.6391847171289272, 0.6387505664713016, 0.6407233140672215, 0.6377083900482556, 0.6396668862379128, 0.6394979756291045, 0.637514056818701, 0.6376595966570673, 0.6453717618092353, 0.6375691107026914, 0.6416918801674559, 0.6380763385304917, 0.6402234006542112, 0.6430543588491091, 0.6411681691290076, 0.638243514962529, 0.6380411185785153, 0.6375482709894796, 0.6388743535737927, 0.6381327762428871, 0.6393830427795255, 0.6383165228104123, 0.6458259362848952, 0.6376931852053785, 0.638441737864122, 0.6389487651623821, 0.6394536940484655, 0.6406410793460909]
mean: 0.6396102455662338
lb: 0.6387632287647717  ub: 0.640457262367696
lb: 0.6387632287647717  ub: 0.640457262367696
ci_lb: 0.0016940336029243053
ci_ub: -0.0016940336029243053
