Points:  0
a: [0.10988589848874723, 0.11187193464622217, 0.11039833350048647, 0.11100603055542724, 0.11386764607315761, 0.1137352516759437, 0.10971160800347467, 0.11071144280190079, 0.11190152962413544, 0.11035354813048774, 0.11223039682975106, 0.11047624809936624, 0.11780769125927415, 0.11225539708431219, 0.1108364447357604, 0.1102434878757853, 0.10946180617760756, 0.112577423134276, 0.11261136755538043, 0.11214489798820591, 0.11225260367292106, 0.10972964840470105, 0.1100425856373388, 0.11154498787980127, 0.11032843177576762, 0.1096318515641874, 0.11041107338480603, 0.10969397557618134, 0.11381904338945524, 0.10961224667669085]
mean: 0.11137182774005175
lb: 0.11069737956671405  ub: 0.11204627591338945
lb: 0.11069737956671406  ub: 0.11204627591338946
ci_lb: 0.001348896346675399
ci_ub: -0.001348896346675399
Points:  1
a: [0.1811843718247689, 0.18153569727144098, 0.18300776804017677, 0.1878910373306737, 0.18123917360917477, 0.18753198122454806, 0.18271125790642384, 0.1834373463789114, 0.1810911898814759, 0.18221356217810641, 0.18815837862284743, 0.18740317205826001, 0.18257594741765643, 0.18410929382982824, 0.1812022939122219, 0.18114310252143465, 0.18252454346532107, 0.1819451495771097, 0.18238741261498795, 0.18180962574682166, 0.1847859278212331, 0.18155096715355654, 0.18442683960279474, 0.18124007183661436, 0.1808105361738961, 0.18110398330167551, 0.18286412134516478, 0.18144029957451688, 0.18126706967208167, 0.1858230915399551]
mean: 0.18301384044778932
lb: 0.18217317923603873  ub: 0.1838545016595399
lb: 0.1821731792360387  ub: 0.18385450165953987
ci_lb: 0.0016813224235011637
ci_ub: -0.0016813224235011637
Points:  2
a: [0.2999700613906972, 0.3031512586104056, 0.2994105919831162, 0.29916585209459495, 0.3006874512418253, 0.30592595693740515, 0.3027605687376484, 0.3026361447082987, 0.3032014835922716, 0.300031699906143, 0.3009751462652938, 0.3010070059648901, 0.29885944237747186, 0.2978828720461551, 0.29788299729409307, 0.30194590273712846, 0.29917398158874364, 0.30109420761873656, 0.2983802631230043, 0.30601022801518646, 0.2982043958087875, 0.29823539254761927, 0.2982856956764054, 0.3007062409028789, 0.2978623647252213, 0.3010915520280714, 0.30339509720089086, 0.2978458283868593, 0.2978851680449822, 0.29858370116957667]
mean: 0.30040828509081335
lb: 0.2995278933459837  ub: 0.30128867683564303
lb: 0.29952789334598373  ub: 0.3012886768356431
ci_lb: 0.0017607834896593566
ci_ub: -0.0017607834896593566
Points:  3
a: [0.4047666670454275, 0.4039031253395333, 0.4060156220353365, 0.4021704001762993, 0.4052154695710671, 0.40223730376491984, 0.40278390123935337, 0.4021854642616705, 0.4026873425633664, 0.4048521276899987, 0.40514290462456226, 0.41114261845358124, 0.40450755326444315, 0.40266950713285343, 0.4017252057486702, 0.4023537650430738, 0.402599773820943, 0.4025171272117777, 0.4087333008801644, 0.40453131816969634, 0.40397842181011034, 0.4018984779173498, 0.4063426133849039, 0.40269609843008997, 0.40497251908480375, 0.4071816065009297, 0.40204414420390155, 0.403747012933164, 0.4054828572249693, 0.40451520503740984]
mean: 0.404186648485479
lb: 0.40337541441079067  ub: 0.4049978825601674
lb: 0.4033754144107906  ub: 0.40499788256016733
ci_lb: 0.0016224681493767212
ci_ub: -0.0016224681493767212
Points:  4
a: [0.4867245825331302, 0.4918713663850456, 0.4866019298216539, 0.4903742652329129, 0.4882839961925464, 0.49092136803571734, 0.48734646935948306, 0.48884767417591135, 0.4908060884249662, 0.48660143346262846, 0.4896976162129103, 0.4878821215207372, 0.4868896947275235, 0.4883441213310657, 0.48665725822862005, 0.4898284707087674, 0.49248028927431414, 0.48991269438467716, 0.48925267346748047, 0.4903404683935637, 0.4882531733345562, 0.486811402399708, 0.48658749393304357, 0.48665356698728945, 0.49009752585094213, 0.48713817802943304, 0.48877526120801834, 0.4882427954105072, 0.4890474480878831, 0.49158740392991346]
mean: 0.4887619610348316
lb: 0.4880983077152939  ub: 0.4894256143543693
lb: 0.4880983077152938  ub: 0.4894256143543692
ci_lb: 0.0013273066390754318
ci_ub: -0.0013273066390754318
Points:  5
a: [0.572956339028238, 0.5758676412166799, 0.5730805646708736, 0.5783818012463338, 0.5711041912720575, 0.5711831284225466, 0.5726534853997153, 0.5713371993206351, 0.5721167910092565, 0.5748164876446697, 0.5706658643547642, 0.5704928431263926, 0.5736502754558748, 0.5705708274915434, 0.5736917456431705, 0.5761400166762892, 0.5715355318479844, 0.5706485987248213, 0.5721321244177889, 0.5704982885818043, 0.5711896811735548, 0.5708855589137509, 0.5723134855555659, 0.570830208192638, 0.5737993557242127, 0.5750002039291457, 0.5754124493302493, 0.5772773425393546, 0.5729812106425417, 0.5713415785968643]
mean: 0.5728184940049773
lb: 0.5720051706798066  ub: 0.573631817330148
lb: 0.5720051706798067  ub: 0.5736318173301481
ci_lb: 0.0016266466503414012
ci_ub: -0.0016266466503414012
Points:  6
a: [0.6288981719277921, 0.6287045583968903, 0.6297076313045358, 0.6309182834265623, 0.6285763432637386, 0.6293365931834511, 0.6350958181938409, 0.6335424835847009, 0.6304133712026986, 0.6337475902288497, 0.6291362742463041, 0.6291462369773995, 0.6322389331457211, 0.6285766231152363, 0.6287908264197982, 0.6300612936809139, 0.6330802228314519, 0.6336025838526654, 0.6289351344453981, 0.6328480446079257, 0.6344738981251541, 0.6317311025648409, 0.6339867444057646, 0.6307231455959301, 0.6286440196338328, 0.6290706198128434, 0.6287221089879713, 0.6291916209779875, 0.628969765850794, 0.6309877350726812]
mean: 0.630728592635456
lb: 0.6299342328174775  ub: 0.6315229524534345
lb: 0.6299342328174774  ub: 0.6315229524534344
ci_lb: 0.00158871963595697
ci_ub: -0.00158871963595697
Points:  7
a: [0.7164828824312608, 0.7143564918284608, 0.7183139533794533, 0.7197665437851212, 0.7143158026867705, 0.713559337911177, 0.7137091980957099, 0.7143260503988808, 0.7199505491633592, 0.7137597639990205, 0.7199039191867799, 0.7143699440359669, 0.7133029285850264, 0.7147862616088432, 0.7140062527086654, 0.7202440740265558, 0.7190927759560205, 0.7161867011675082, 0.7132917765435457, 0.7194111148505365, 0.7145840416430125, 0.7132167682093107, 0.7191470991850915, 0.7143243200110955, 0.7197464780301525, 0.7136455098534319, 0.7142713759537795, 0.7142474813155923, 0.7160016384872602, 0.7138110375300428]
mean: 0.7158710690855811
lb: 0.7149164381729592  ub: 0.7168256999982029
lb: 0.7149164381729592  ub: 0.7168256999982029
ci_lb: 0.0019092618252436466
ci_ub: -0.0019092618252436466
Points:  8
a: [0.7568551627492712, 0.7546623028169063, 0.7570550289297097, 0.753847358187984, 0.7537088677672831, 0.7538044593164364, 0.7560480198958286, 0.7604007234113564, 0.7569619077710631, 0.7578233795730658, 0.7553959215457896, 0.7563871869189986, 0.7559087436895928, 0.7537689840238072, 0.754089592225685, 0.7579482224553075, 0.755909597750498, 0.7546912239817666, 0.7535198356672259, 0.757522340089805, 0.7544859298298333, 0.754617780372846, 0.7548795690484503, 0.753560443240964, 0.7540650745378957, 0.7577400370412367, 0.7541115720114142, 0.7582311719436173, 0.7545455602108758, 0.7578250048571963]
mean: 0.7556790333953903
lb: 0.755006141697137  ub: 0.7563519250936437
lb: 0.755006141697137  ub: 0.7563519250936437
ci_lb: 0.0013457833965067056
ci_ub: -0.0013457833965067056
Points:  9
a: [0.8204200463373703, 0.8187842237498357, 0.8181195969977519, 0.8210442300302501, 0.8197996425529033, 0.8254143563207408, 0.8220337931527549, 0.8176990913511175, 0.8228780620627713, 0.8190340785973584, 0.8178729103519903, 0.8184193499521103, 0.8200629998545592, 0.8185400805017058, 0.8221674491265933, 0.8191618695553495, 0.8194635210751141, 0.8180278856715901, 0.8188704934277399, 0.8192261459555199, 0.8215522520596562, 0.8189960337117665, 0.8179245286976247, 0.8182889998219137, 0.8212047467109097, 0.8192104842247211, 0.817607739450599, 0.8184485059949423, 0.8211246767206473, 0.8178073813659604]
mean: 0.8196401725127955
lb: 0.8189539579899769  ub: 0.8203263870356141
lb: 0.8189539579899769  ub: 0.8203263870356141
ci_lb: 0.001372429045637169
ci_ub: -0.001372429045637169
