Points:  0
a: [0.031630858468928595, 0.03557602655588399, 0.03258386110206815, 0.03970362330127168, 0.036021435517992924, 0.03270690810498498, 0.032183040208754794, 0.03172793605495914, 0.03249871465408597, 0.03152363202368219, 0.032139188553016604, 0.03886782701157323, 0.036945685096431743, 0.031750328093037426, 0.034328380940485494, 0.03385181834760206, 0.03153194038146455, 0.03162591271928197, 0.033688968947669325, 0.03184787125846539, 0.03278261763970727, 0.035890976969027634, 0.037079171619936485, 0.032181925949338185, 0.0316375491679183, 0.03306654633590592, 0.040443226718516787, 0.03387510213652301, 0.03156000326999349, 0.03343313838709144]
mean: 0.03382280718451995
lb: 0.03285730299971282  ub: 0.034788311369327085
lb: 0.03285730299971282  ub: 0.034788311369327085
ci_lb: 0.0019310083696142677
ci_ub: -0.0019310083696142677
Points:  1
a: [0.05052458864120251, 0.05250870034006343, 0.04780678448407361, 0.04756546467257924, 0.049018173156278357, 0.04964589892932083, 0.05440662193467768, 0.047831544201887476, 0.04884124706060136, 0.04838607305857449, 0.048297079497466575, 0.047955315137124296, 0.05445646774733103, 0.05114304292027121, 0.048942769745761, 0.04807694364059838, 0.047782333044245756, 0.0475083236688335, 0.04856675104151303, 0.04971636434350952, 0.048585224561968496, 0.04761857659870582, 0.04830476191191422, 0.05110561724285516, 0.051878922164502905, 0.04897383245430288, 0.04968117818512842, 0.048318053783591206, 0.048730383878618826, 0.047928593982891225]
mean: 0.04933685440101309
lb: 0.04862707657756771  ub: 0.05004663222445847
lb: 0.04862707657756771  ub: 0.05004663222445847
ci_lb: 0.001419555646890766
ci_ub: -0.001419555646890766
Points:  2
a: [0.07518055081823978, 0.07525935057093643, 0.07562521275103892, 0.07535850500564541, 0.0769946806286993, 0.0748973463659997, 0.07619199004726364, 0.07808183648143123, 0.07736888719128657, 0.08027759376248667, 0.08197760267490826, 0.08342580388355719, 0.07642313976612673, 0.07622498510558047, 0.07538415110957332, 0.07583356228448097, 0.07662468161714203, 0.07568647048762099, 0.07541613343139413, 0.08094928114893819, 0.0751414335739223, 0.07658957870621516, 0.07651868276913791, 0.0772209582136767, 0.07507648318208136, 0.08272711326821815, 0.07558578208263732, 0.07633249584406877, 0.07862665666540776, 0.0749338634636536]
mean: 0.07706449376337896
lb: 0.07616406200523698  ub: 0.07796492552152093
lb: 0.07616406200523698  ub: 0.07796492552152093
ci_lb: 0.001800863516283946
ci_ub: -0.001800863516283946
Points:  3
a: [0.10059609196986073, 0.0993994156423571, 0.10657360263028004, 0.10465712140871758, 0.10007552892047762, 0.10010089787544754, 0.09834655748912166, 0.09916470170221915, 0.10281380474777835, 0.1004937006472865, 0.10024132002663627, 0.09814938206454918, 0.10226190584037227, 0.100389238103644, 0.09813217507701306, 0.0975348925366702, 0.09927171393973393, 0.10342544088114515, 0.09830792204722118, 0.09783652440352925, 0.10008798526540896, 0.10349009940468498, 0.09764740322793167, 0.09803705232885726, 0.10125435830019838, 0.10029614529675594, 0.1063109720606989, 0.09891732129167026, 0.09953973908396131, 0.10054887372875336]
mean: 0.10046339626476605
lb: 0.09954963857412735  ub: 0.10137715395540475
lb: 0.09954963857412735  ub: 0.10137715395540475
ci_lb: 0.0018275153812774003
ci_ub: -0.0018275153812774003
Points:  4
a: [0.1287070310641513, 0.12880851315362074, 0.13180872335529709, 0.13022217795756372, 0.13010598527852202, 0.13198798761545225, 0.13321153204994196, 0.13243759155669374, 0.12890776556011535, 0.13331661412632817, 0.1330538423676799, 0.1345397040745359, 0.12887981332422316, 0.13289712132097128, 0.1302903331328445, 0.12996265856482714, 0.12953735488645246, 0.12951605916100856, 0.13040313547716217, 0.12897705811917706, 0.1326317324853594, 0.13320144265300635, 0.1303673405389208, 0.13088161345224392, 0.1310580390049492, 0.13012769930838447, 0.1287928314200522, 0.1288048143041164, 0.12917921564699927, 0.12919423073656305]
mean: 0.13072699872323879
lb: 0.13007754673494368  ub: 0.1313764507115339
lb: 0.13007754673494368  ub: 0.1313764507115339
ci_lb: 0.0012989039765902155
ci_ub: -0.0012989039765902155
Points:  5
a: [0.15250573634504627, 0.15162116734898853, 0.14846240643116662, 0.14794920269581363, 0.14752230518768703, 0.15018411663759376, 0.15313377349107235, 0.14949280631450956, 0.1476960350017722, 0.1489176693520917, 0.15421245326837685, 0.14854374219303346, 0.14988660156635705, 0.14819059088128644, 0.14845936759933948, 0.15720899758680743, 0.14915830577493658, 0.1517429951077921, 0.1491961557029685, 0.15251280867606043, 0.14818907965703218, 0.15024094737411184, 0.15011589708488393, 0.14878393527092434, 0.1476624930154958, 0.1503728736890122, 0.14786107696104658, 0.1491103615982613, 0.14874668773345728, 0.15385373277500938]
mean: 0.1500511440773978
lb: 0.14917803466692836  ub: 0.15092425348786725
lb: 0.14917803466692836  ub: 0.15092425348786725
ci_lb: 0.001746218820938894
ci_ub: -0.001746218820938894
Points:  6
a: [0.16721614856158298, 0.16295988520016072, 0.16577437327563033, 0.1645048022718515, 0.16451244712550275, 0.16284393029884164, 0.16810653520718677, 0.16561316513886656, 0.16251574609061037, 0.16852911896136588, 0.16498582707349604, 0.1626265191653742, 0.16628836890669738, 0.16820591903900114, 0.16485239325391515, 0.16951746508135251, 0.1658937515895999, 0.16250407946878292, 0.162730599382648, 0.1627456808021285, 0.1677761378526102, 0.16334467027792426, 0.16950962831234515, 0.16510972723631587, 0.1630337718680367, 0.1647105585351402, 0.16298153079658226, 0.16264816123509937, 0.16651368654412008, 0.1628586392741917]
mean: 0.16504710892756538
lb: 0.16419821411575064  ub: 0.16589600373938013
lb: 0.16419821411575058  ub: 0.16589600373938007
ci_lb: 0.0016977896236294865
ci_ub: -0.0016977896236294865
Points:  7
a: [0.19795471823835353, 0.1990430151189503, 0.19753071672286732, 0.19793090424472753, 0.19778786208839355, 0.1975574210278427, 0.1975488145478502, 0.1998445562260166, 0.19761884791926015, 0.20127846748684747, 0.1983837016182298, 0.19956557435293873, 0.20121912066027262, 0.20092282871449552, 0.20015798190188913, 0.19894060276987058, 0.19845839944320856, 0.1976836787399107, 0.20203394015524767, 0.20023286677988694, 0.20251915494219472, 0.19760408590514092, 0.20344962690837712, 0.1987404323741497, 0.19763009827622963, 0.20193209453643526, 0.19899928120792582, 0.2009207989498438, 0.19930587134263492, 0.2003381412698998]
mean: 0.19943778681566307
lb: 0.1987955837804696  ub: 0.20007998985085654
lb: 0.1987955837804696  ub: 0.20007998985085654
ci_lb: 0.0012844060703869342
ci_ub: -0.0012844060703869342
Points:  8
a: [0.21425773373665866, 0.21229019314839606, 0.2105846787511192, 0.2179559698387081, 0.21360369437433854, 0.21319875487649287, 0.21159371998010804, 0.2110517952561547, 0.22037772160923796, 0.2105810913650233, 0.2130722087311575, 0.21062476328354648, 0.2113694355374395, 0.21184281249608447, 0.2110384185170101, 0.21287772572588776, 0.21172226344710035, 0.21137233811259332, 0.21168277481565403, 0.21160463552952133, 0.2110130319159167, 0.21467701256031418, 0.21308670779116387, 0.21580277228163033, 0.21727415806752165, 0.2123793079267597, 0.2108530755434794, 0.2127552174290326, 0.21729710700721913, 0.21502350899906858]
mean: 0.21309548762181127
lb: 0.21216353366082566  ub: 0.21402744158279688
lb: 0.2121635336608257  ub: 0.2140274415827969
ci_lb: 0.0018639079219712196
ci_ub: -0.0018639079219712196
Points:  9
a: [0.23932987757751575, 0.23853074305849012, 0.24575932869785605, 0.24013754565591813, 0.2402855095060033, 0.23980129951585344, 0.24313606657006243, 0.2389884182131266, 0.244413742287856, 0.24441500111569125, 0.24106799632661846, 0.24146770057654313, 0.23921492967161503, 0.23936994942242246, 0.24126771882624065, 0.24302275865207854, 0.24300143754594153, 0.23905604693149726, 0.23865837112448313, 0.2390450530723171, 0.23967966988175377, 0.24118571747014433, 0.2391437682081994, 0.2407787006611826, 0.23929253071585016, 0.24003242127062518, 0.2396600115850782, 0.24508927855942786, 0.24715383559523302, 0.23954573862952033]
mean: 0.24105103889750482
lb: 0.2401711552730855  ub: 0.24193092252192414
lb: 0.24017115527308555  ub: 0.2419309225219242
ci_lb: 0.0017597672488386396
ci_ub: -0.0017597672488386396
