Points:  0
a: [0.029982172892150643, 0.029809255091857667, 0.03054909947714822, 0.03144164606852785, 0.03354898411498507, 0.03365589412309698, 0.034796107964118375, 0.03873201402445661, 0.03491046372387827, 0.03181979326666132, 0.030710551655409188, 0.034154477446531994, 0.03252983847321189, 0.031818869358746234, 0.031923620150511, 0.03369694451406042, 0.0334767480044184, 0.030963358198616047, 0.02991667631388964, 0.030127750099242758, 0.031048467158276034, 0.02982891815331199, 0.03249337582440422, 0.03265029143996573, 0.030193933255514897, 0.031095417745643276, 0.03145810176157324, 0.035785422600539636, 0.0301456914021229, 0.03597948658078678]
mean: 0.03230811236278857
lb: 0.03148740811999488  ub: 0.03312881660558226
lb: 0.03148740811999488  ub: 0.03312881660558226
ci_lb: 0.0016414084855873867
ci_ub: -0.0016414084855873867
Points:  1
a: [0.03660995704400015, 0.039109896159926195, 0.04018641830998634, 0.04432458370712059, 0.04220691840330437, 0.03765582406413003, 0.04356943481787264, 0.04358892146294314, 0.03709853267229808, 0.03857958565359195, 0.037033386069846345, 0.03688376189790071, 0.037578313180617696, 0.03835257892910274, 0.04128776433917893, 0.036852639765918606, 0.04387230566333096, 0.03726288485938163, 0.04010084003247007, 0.03672964343114567, 0.03778792265812187, 0.04026688648179274, 0.041470665487903825, 0.0371484077883159, 0.042270326906368796, 0.03650548747413272, 0.039720361086734754, 0.043391355249216765, 0.037284306327582235, 0.044061478153248915]
mean: 0.03962637960258284
lb: 0.038613975731272676  ub: 0.040638783473893006
lb: 0.03861397573127268  ub: 0.04063878347389301
ci_lb: 0.00202480774262033
ci_ub: -0.00202480774262033
Points:  2
a: [0.04296761744410194, 0.039219360517576705, 0.040300353300064304, 0.04056453315548943, 0.04621455586822051, 0.0429147482738538, 0.04102136122405531, 0.040652222660321397, 0.04527503197697673, 0.044483563282085824, 0.03955212597059719, 0.03946075075898498, 0.042020433244449366, 0.04254368573861792, 0.04070002338347549, 0.04226692059634331, 0.04118647766389615, 0.04045390411267563, 0.04662332890930062, 0.04419710359863766, 0.041524054066748764, 0.040836029532468926, 0.04058445072788436, 0.03953073006055054, 0.03971770091874286, 0.04188861714656984, 0.04600041949439118, 0.04288953982653946, 0.041865931817655265, 0.03990190206249445]
mean: 0.04191191591112566
lb: 0.04111670524730708  ub: 0.04270712657494424
lb: 0.04111670524730708  ub: 0.04270712657494424
ci_lb: 0.001590421327637162
ci_ub: -0.001590421327637162
Points:  3
a: [0.043068601782254565, 0.047349818245100705, 0.04188933882878822, 0.04477171660589668, 0.046092442561679575, 0.042005651422957015, 0.04387546662485338, 0.04335900114213987, 0.042963737571359, 0.04836717649450997, 0.0417448077410407, 0.04192967365205165, 0.04237029052900275, 0.04501223387321063, 0.042151557878469297, 0.04305918606105091, 0.04471780994825496, 0.047591868844248805, 0.04412976625245339, 0.042683663804404325, 0.041963603375438585, 0.04252738244508812, 0.04238089200475873, 0.0441593075059214, 0.04706165271996223, 0.041659187536567145, 0.04543867141648242, 0.041634919879545214, 0.04175548706148473, 0.04812425052134999]
mean: 0.0438613054776775
lb: 0.043066049077027935  ub: 0.04465656187832706
lb: 0.043066049077027935  ub: 0.04465656187832706
ci_lb: 0.0015905128012991265
ci_ub: -0.0015905128012991265
Points:  4
a: [0.05091490573510237, 0.051835868246642464, 0.05331866943701436, 0.05345314656043758, 0.050747617494679105, 0.0536235117094987, 0.04977530956003904, 0.05187974045223511, 0.05676998551457966, 0.050326136251240196, 0.0546428642003922, 0.05233279585867322, 0.05116607331998925, 0.050392468566517246, 0.055842759280695084, 0.04966995983195639, 0.05740174687181275, 0.053016079498582794, 0.05317326603235315, 0.05260819180914513, 0.05204824381778301, 0.04976756256193941, 0.049659477558884196, 0.051469235362405684, 0.05392255793655639, 0.055518839955462404, 0.052571544788703115, 0.050191776359733424, 0.05244086612033264, 0.05345176946190265]
mean: 0.05246443233850962
lb: 0.051678234602832336  ub: 0.05325063007418691
lb: 0.051678234602832336  ub: 0.05325063007418691
ci_lb: 0.0015723954713545707
ci_ub: -0.0015723954713545707
Points:  5
a: [0.06011129442322725, 0.06309108916246899, 0.06123607537357534, 0.06132642442480414, 0.06159133641043076, 0.06263815637373583, 0.05858989651589538, 0.05918017150633728, 0.06339558339666704, 0.05916471910786408, 0.0617878071466955, 0.0610291635838878, 0.06553130377450797, 0.058509271427976024, 0.06413866877036081, 0.059300639807638354, 0.05956177216714972, 0.05851560224463832, 0.05908206167395783, 0.06136772755304174, 0.062154270964311434, 0.061891727572860905, 0.06177175425621478, 0.05945286836906717, 0.05916243360876566, 0.059387501647224686, 0.058606473864798996, 0.06237273145534625, 0.058732392495767005, 0.06270964530791341]
mean: 0.06084635214623768
lb: 0.06013650627938281  ub: 0.061556198013092554
lb: 0.06013650627938281  ub: 0.061556198013092554
ci_lb: 0.0014196917337097464
ci_ub: -0.0014196917337097464
Points:  6
a: [0.06462062183870317, 0.0627472404473007, 0.06352400479305743, 0.0634223099562649, 0.06273692019548167, 0.0661708255186206, 0.06321125153555296, 0.06907479418991734, 0.0667113390841131, 0.06270906159310517, 0.06433080994585677, 0.06447504991327657, 0.06264210959744951, 0.07031337062577711, 0.06670038375466109, 0.07011751671477226, 0.06670989405975983, 0.06772816665336612, 0.06397558905506173, 0.06786152519284626, 0.06697546949402451, 0.06669517175154353, 0.06684223180698078, 0.06785445514705274, 0.06785752552193805, 0.06356639255672147, 0.06643093129283188, 0.06904254730331867, 0.06268524561965814, 0.06405679024759094]
mean: 0.06572631818022016
lb: 0.06483587830377285  ub: 0.06661675805666747
lb: 0.06483587830377287  ub: 0.06661675805666749
ci_lb: 0.0017808797528946207
ci_ub: -0.0017808797528946207
Points:  7
a: [0.08044813199659762, 0.0753070802132679, 0.07775928275008982, 0.07480294549545029, 0.07458120278631787, 0.07491494315584563, 0.08140631719963082, 0.07580229684104138, 0.07798891596003794, 0.07640040423772344, 0.07522874704175093, 0.07905256307293838, 0.07645261219967364, 0.07518211169720258, 0.08309725970098411, 0.07530096216935983, 0.07749521759004897, 0.07560215598843592, 0.07989625770011195, 0.07855123092401659, 0.07707478326873587, 0.07864793617638244, 0.07465269880256117, 0.07891901359107197, 0.07465280008594993, 0.07747610351092397, 0.07585564922565478, 0.07614387225834546, 0.07547555746212005, 0.07569336217303395]
mean: 0.07699541384251019
lb: 0.07617415605484354  ub: 0.07781667163017683
lb: 0.07617415605484353  ub: 0.07781667163017682
ci_lb: 0.001642515575333292
ci_ub: -0.001642515575333292
Points:  8
a: [0.08886044318512705, 0.08534679990999917, 0.09192127153180768, 0.08576743661318849, 0.08529167552291714, 0.0866050055428812, 0.08849711789084552, 0.08561070168823298, 0.08510296304693886, 0.08672423027927738, 0.08615140425045306, 0.08551651755840997, 0.0862909710791064, 0.08712042070927432, 0.08590793278624893, 0.08743929664549431, 0.08688332850618521, 0.08693005053334758, 0.08614620624554264, 0.08910742367396296, 0.08814685559020807, 0.08635173082608553, 0.08871712343629591, 0.08799725960475838, 0.09293517591404148, 0.08524046378244216, 0.0867278557189704, 0.0861738780180738, 0.08556959252029168, 0.08895804938627745]
mean: 0.08713463939988951
lb: 0.08643105729345311  ub: 0.0878382215063259
lb: 0.08643105729345313  ub: 0.08783822150632592
ci_lb: 0.0014071642128727913
ci_ub: -0.0014071642128727913
Points:  9
a: [0.10046157943050577, 0.0938483449836774, 0.09438727641276538, 0.10195985692825223, 0.09421765435503474, 0.10029556386828634, 0.09467434484167425, 0.09660533125485109, 0.09662796219698076, 0.09856280535372901, 0.09781318194742553, 0.09753404890294379, 0.09481265855616579, 0.09508660614239338, 0.09384663037871248, 0.09360979359634727, 0.09415628475487695, 0.09686523126000145, 0.0948609251016664, 0.09372191628792845, 0.09914280285621577, 0.09378126833593904, 0.09813718980729196, 0.0936480631149388, 0.09655349896829546, 0.09356307132458722, 0.09991458494707622, 0.09659991521944088, 0.09424168912995368, 0.09682871079059054]
mean: 0.09621195970161826
lb: 0.09530390083744666  ub: 0.09712001856578986
lb: 0.09530390083744668  ub: 0.0971200185657899
ci_lb: 0.001816117728343225
ci_ub: -0.001816117728343225
