Points:  0
a: [7.626984679060741, 7.61658649400722, 7.64538933724202, 7.614552256978323, 7.623308735209847, 7.616568139776973, 7.6302199990664965, 7.606461751406459, 7.605145569985736, 7.670530533448485, 7.62579123465393, 7.620780045312279, 7.637901930166233, 7.622738276658284, 7.603947264029835, 7.641557099027026, 7.600963079853789, 7.600073687772362, 7.649191223708774, 7.609503201454092, 7.601247942180129, 7.618752826305396, 7.627194046684032, 7.617115007208018, 7.645586569707419, 7.6006268065072735, 7.631654575505107, 7.6751037809817735, 7.626383822568187, 7.640699113647334]
mean: 7.625085301003787
lb: 7.617834602420674  ub: 7.6323359995869
lb: 7.617834602420671  ub: 7.632335999586897
ci_lb: 0.014501397166226226
ci_ub: -0.014501397166226226
Points:  1
a: [8.308487799946798, 8.300321233545759, 8.304222627759536, 8.339868447359494, 8.329142063862497, 8.332303642467618, 8.322729383837702, 8.300339960306527, 8.312842008817666, 8.30030764998879, 8.30916350384718, 8.324913599140357, 8.318691982091968, 8.340515028900947, 8.305402866253118, 8.30032402271875, 8.320160224799121, 8.302427239068718, 8.315339704209745, 8.3031665635933, 8.357054530508634, 8.32502840091794, 8.310650467174302, 8.309810592630924, 8.30211573748089, 8.32389670619774, 8.326342109254389, 8.314387827372787, 8.321944700449327, 8.38041725417382]
mean: 8.31874392928921
lb: 8.31194555323872  ub: 8.3255423053397
lb: 8.31194555323872  ub: 8.3255423053397
ci_lb: 0.013596752100980325
ci_ub: -0.013596752100980325
Points:  2
a: [9.374327345862026, 9.383209437294447, 9.300068084825, 9.328366807589758, 9.31474985295893, 9.309727310138758, 9.374194094291916, 9.307440959525536, 9.347062220261323, 9.35799641165137, 9.338058034864885, 9.35409919445128, 9.303048452711243, 9.350221537018685, 9.353022169233034, 9.30792375785276, 9.304685701336616, 9.309894479725541, 9.300467594625092, 9.30070327555695, 9.308362761371383, 9.327251075591906, 9.300326607081347, 9.312057757869555, 9.346793254440046, 9.30232789258539, 9.313156685366048, 9.334767517525057, 9.341009656411138, 9.304094305536404]
mean: 9.326980474518448
lb: 9.317422578894526  ub: 9.336538370142371
lb: 9.317422578894526  ub: 9.336538370142371
ci_lb: 0.019115791247845237
ci_ub: -0.019115791247845237
Points:  3
a: [9.838378204725563, 9.802928655323504, 9.804990176625457, 9.807352825407188, 9.81322178546847, 9.873888980729454, 9.8467865455816, 9.822976899431891, 9.863588891578353, 9.81881062255251, 9.809571571282872, 9.839233537705082, 9.816171080489845, 9.80070035285779, 9.824955781881338, 9.808609099203416, 9.821012904928446, 9.882552314232266, 9.841732040899402, 9.82840825913048, 9.889333309941348, 9.80018969654125, 9.887444660574866, 9.855999363861086, 9.835675045235853, 9.804815273957711, 9.819900979768565, 9.832067799277995, 9.804876487674855, 9.87307441752353]
mean: 9.8323082521464
lb: 9.82196844794241  ub: 9.842648056350388
lb: 9.821968447942409  ub: 9.842648056350386
ci_lb: 0.020679608407977668
ci_ub: -0.020679608407977668
Points:  4
a: [10.908036994882872, 10.943307911721837, 10.917448672188124, 10.905834837650225, 10.922267493004629, 10.962274013236744, 10.917742016590438, 10.944367229494992, 10.943214555769927, 10.950153251376765, 10.902575004471618, 10.904442394287573, 10.93232896444984, 10.915301135567633, 10.922130842388228, 10.98270362343616, 10.912429576096638, 10.969205486332877, 10.985252204938325, 10.947139807943698, 10.9210187604925, 10.903038640436375, 10.93144899429977, 10.936129019519495, 10.912738895965438, 10.94032006386661, 10.911435336031431, 10.916481867860453, 10.963256497193843, 10.90049449942077]
mean: 10.930817286363862
lb: 10.921820681165206  ub: 10.939813891562517
lb: 10.921820681165206  ub: 10.939813891562517
ci_lb: 0.017993210397310833
ci_ub: -0.017993210397310833
Points:  5
a: [12.070339419235484, 12.085224237019299, 12.070769597626825, 12.128317273740246, 12.142422140086639, 12.08286675547962, 12.097955492358814, 12.08898986123326, 12.140347896088537, 12.107150241980106, 12.0745661010456, 12.089177000796061, 12.09357733594126, 12.152441533212961, 12.071239538685047, 12.075239913322385, 12.126196174903853, 12.09973989286057, 12.153467033106208, 12.132850962147069, 12.07220381253935, 12.10528773103515, 12.111948669800622, 12.081253274542103, 12.096978384159184, 12.08604447670481, 12.08736430138881, 12.110129458648531, 12.083522461064588, 12.104235750256017]
mean: 12.100728224033633
lb: 12.091346485998153  ub: 12.110109962069112
lb: 12.091346485998155  ub: 12.110109962069114
ci_lb: 0.018763476070958518
ci_ub: -0.018763476070958518
Points:  6
a: [12.959978225867586, 12.953197966765476, 13.012179118197759, 12.953864492963861, 13.006505457696852, 12.985394732095816, 12.950967735874517, 13.015367572404632, 12.993747534618572, 12.973499982614305, 12.969891453333936, 12.950754917157216, 12.968574245796882, 12.976717320262402, 12.985052419710838, 13.028627106333715, 13.010423716118522, 12.952333220528786, 13.008543320678047, 12.999767371945993, 12.957762276575632, 12.9573648132166, 12.952687099832099, 12.954715241036489, 12.986837319982909, 12.95866247947453, 12.978798267832936, 12.974092446404251, 12.952794521210587, 12.983804443109388]
mean: 12.977096893988037
lb: 12.968405278512929  ub: 12.985788509463145
lb: 12.968405278512927  ub: 12.985788509463143
ci_lb: 0.01738323095021599
ci_ub: -0.01738323095021599
Points:  7
a: [13.752084070863496, 13.764504728631845, 13.750570737918245, 13.757909025073772, 13.774479171897143, 13.75772366455003, 13.759878010702842, 13.761859766616071, 13.759136513454017, 13.7853667889062, 13.760294866519235, 13.752341621423783, 13.759274999693906, 13.813453238162175, 13.764950281275755, 13.75646804280332, 13.821978678763388, 13.750257139010117, 13.754280893693467, 13.75028693145288, 13.760886409642907, 13.78183575296335, 13.758325381231865, 13.755657529612908, 13.772980262951037, 13.761439808137458, 13.7697640344265, 13.757751695368942, 13.836536412447403, 13.7557412734226]
mean: 13.767267257720555
lb: 13.759325703580373  ub: 13.775208811860736
lb: 13.759325703580375  ub: 13.775208811860738
ci_lb: 0.01588310828036299
ci_ub: -0.01588310828036299
Points:  8
a: [14.875186905826833, 14.850711859823823, 14.870273402360892, 14.865648448568875, 14.863095010231588, 14.864204047551711, 14.857098400166032, 14.855839699923571, 14.860938938403045, 14.863773931025415, 14.901728521143212, 14.853549080965218, 14.85024149722353, 14.943564591683351, 14.850801247776163, 14.917803842034854, 14.876699797692172, 14.875742560788284, 14.851770923225335, 14.870244242782743, 14.858710732028928, 14.862160669332807, 14.871858664081117, 14.858042717875948, 14.85654293725561, 14.853334348154117, 14.879150916105235, 14.850936804642306, 14.916400670532706, 14.859480902102609]
mean: 14.8695178770436
lb: 14.861131326505257  ub: 14.877904427581944
lb: 14.861131326505257  ub: 14.877904427581944
ci_lb: 0.01677310107668717
ci_ub: -0.01677310107668717
Points:  9
a: [15.467357338881074, 15.429562762475957, 15.412818196901698, 15.419953034858723, 15.445102883868868, 15.442364397068083, 15.43672929116437, 15.462102929313994, 15.461379788801821, 15.431141376617738, 15.471983462743717, 15.417819119233778, 15.436873158172832, 15.415550569019551, 15.436142403040341, 15.415469209331507, 15.423705814705754, 15.425361233073955, 15.438793819630462, 15.424686394716433, 15.422436131300518, 15.414805275799424, 15.412817055182371, 15.412369402671969, 15.448570528591713, 15.435093798226989, 15.413484839399453, 15.4593003342648, 15.421197737049297, 15.425006941181703]
mean: 15.432665974242962
lb: 15.426050364770598  ub: 15.439281583715326
lb: 15.426050364770598  ub: 15.439281583715326
ci_lb: 0.01323121894472834
ci_ub: -0.01323121894472834
