Points:  0
a: [13.307378033433611, 13.32786270042767, 13.337159371022125, 13.305812440651364, 13.34214186895078, 13.338304708264841, 13.30199535442274, 13.34828440157807, 13.31701249082624, 13.302051672683215, 13.300143052207046, 13.374260401976214, 13.301510161431171, 13.331791674829711, 13.343571875831888, 13.318990950122165, 13.309683122923428, 13.317940408013126, 13.334104107988614, 13.317699610364357, 13.331933499545302, 13.330081933111341, 13.303238110508614, 13.316951066626817, 13.342902009648556, 13.355757316123238, 13.303925950155929, 13.34466717478394, 13.317586913660724, 13.356982658260218]
mean: 13.326057501345767
lb: 13.318730621275083  ub: 13.333384381416451
lb: 13.318730621275083  ub: 13.333384381416451
ci_lb: 0.014653760141367655
ci_ub: -0.014653760141367655
Points:  1
a: [14.406910473613461, 14.433403384503507, 14.41135991600667, 14.400055067879276, 14.403626991055166, 14.425971034375525, 14.433583522483582, 14.46074587179346, 14.436215352267256, 14.416146016531133, 14.423306771893852, 14.431770480004777, 14.446211338844932, 14.422884449536935, 14.406397033337997, 14.456061189996943, 14.418490770709376, 14.447304158596557, 14.404005033835174, 14.401165259252334, 14.414322388433893, 14.419446725995472, 14.41156472968402, 14.40988122143672, 14.416509239827374, 14.404484281142123, 14.410949316022231, 14.401613888848006, 14.412017363218832, 14.420989867000532]
mean: 14.420246437937571
lb: 14.41409110697648  ub: 14.426401768898662
lb: 14.41409110697648  ub: 14.426401768898662
ci_lb: 0.01231066192218222
ci_ub: -0.01231066192218222
Points:  2
a: [16.529731061925773, 16.522036178716693, 16.505443064208357, 16.54304121927953, 16.500408575959796, 16.5778294452758, 16.531409422070055, 16.515918702923432, 16.521056680247828, 16.500700344220878, 16.522141628037247, 16.52180567634238, 16.503168175806913, 16.503706186758382, 16.51034532315884, 16.500092166535996, 16.500146880577812, 16.504037060157863, 16.50647908353883, 16.58738059083479, 16.507859503821734, 16.500311167147, 16.505712815430698, 16.52574282127507, 16.52193689561411, 16.568035862849268, 16.525851876430416, 16.581616355083167, 16.50036285066103, 16.56594231961605]
mean: 16.523674997816858
lb: 16.513743773341886  ub: 16.53360622229183
lb: 16.513743773341886  ub: 16.53360622229183
ci_lb: 0.019862448949943712
ci_ub: -0.019862448949943712
Points:  3
a: [18.6087895765364, 18.640394022420026, 18.628229814271997, 18.650205996115446, 18.601677397325908, 18.644139157331114, 18.639936636952537, 18.605689154279908, 18.65088835153571, 18.618290077778166, 18.60112146765655, 18.624433691620396, 18.632425813141985, 18.647883654679376, 18.64792270932778, 18.627864052904258, 18.60346845080356, 18.60056462966074, 18.673660592549993, 18.614627900289495, 18.625062380549057, 18.605312762439926, 18.605739158601015, 18.600290421739306, 18.61295915253533, 18.627171600216943, 18.61831099691639, 18.650044224091022, 18.60873017562181, 18.629261543180412]
mean: 18.624836518769083
lb: 18.617544635284208  ub: 18.632128402253958
lb: 18.61754463528421  ub: 18.63212840225396
ci_lb: 0.014583766969749945
ci_ub: -0.014583766969749945
Points:  4
a: [19.71342059130594, 19.71266464916132, 19.726617445145532, 19.700822252210003, 19.75435313815713, 19.72221901837883, 19.77133384249184, 19.70010039906227, 19.70548868814817, 19.737345100735475, 19.723521011180956, 19.707002366211324, 19.71750512560114, 19.742512442574245, 19.732745091555746, 19.729210042118527, 19.733289436034735, 19.70607601237974, 19.778932521555703, 19.706334843794988, 19.747730300499075, 19.767716611322538, 19.74454314822743, 19.76667436753526, 19.706311245805242, 19.70902555195619, 19.700684476188258, 19.770156808905774, 19.715819657463598, 19.705008047929937]
mean: 19.728505474454565
lb: 19.719384332051515  ub: 19.737626616857614
lb: 19.719384332051515  ub: 19.737626616857614
ci_lb: 0.018242284806099462
ci_ub: -0.018242284806099462
Points:  5
a: [20.838904018819672, 20.822097686493056, 20.843551363368153, 20.809980418045807, 20.80691534386163, 20.84098458149794, 20.801624006519532, 20.824755923721728, 20.8241598742493, 20.823872778394307, 20.84891625652812, 20.80858421276699, 20.804887422327973, 20.820366072858103, 20.80331330575899, 20.81049118225957, 20.809392845432047, 20.88181429072587, 20.827440161821887, 20.838043270039186, 20.859925460049226, 20.849063821530297, 20.857414704970928, 20.83347187843142, 20.867036732651613, 20.80361448640659, 20.842605661447063, 20.829387455902946, 20.800730670409262, 20.805272605507604]
mean: 20.827953949759895
lb: 20.819840989667984  ub: 20.836066909851805
lb: 20.81984098966798  ub: 20.8360669098518
ci_lb: 0.016225920183821074
ci_ub: -0.016225920183821074
Points:  6
a: [22.90560377815455, 22.920071781686236, 22.957242018063294, 22.929517682285717, 22.935597371946812, 22.90626091387413, 22.913104923044052, 22.914676789198666, 22.909340730492445, 22.91982869765069, 22.91503285284666, 22.982621027752923, 22.915592761986915, 22.910195923020755, 22.900381996592117, 22.90715378112325, 22.93493182951998, 22.96937976601878, 22.917200567005136, 22.90456900626916, 22.928562708744682, 22.90888853540795, 22.941739888154732, 22.97455469580766, 22.930010595692213, 22.962877857458636, 22.932621452475136, 22.905092149423712, 22.908427250132792, 22.918642900475085]
mean: 22.92599074107683
lb: 22.9175409147479  ub: 22.934440567405762
lb: 22.9175409147479  ub: 22.934440567405762
ci_lb: 0.01689965265786242
ci_ub: -0.01689965265786242
Points:  7
a: [23.710210618383062, 23.740253505182984, 23.704517360172538, 23.700877199868092, 23.7274743403674, 23.705737446001194, 23.710299811707642, 23.712680094106116, 23.76290499555088, 23.702199314368897, 23.70828102604655, 23.700175440006213, 23.75255035262133, 23.71772888738133, 23.70614879172993, 23.713529327822545, 23.70744129439401, 23.734100259689892, 23.710923575462168, 23.72542839492853, 23.706627448064687, 23.705304127314164, 23.746007222524693, 23.724660011823598, 23.700096807279543, 23.722399767449865, 23.740712480234098, 23.753947136560203, 23.70288192521294, 23.700226395777364]
mean: 23.718544178601086
lb: 23.71172561508677  ub: 23.7253627421154
lb: 23.71172561508677  ub: 23.7253627421154
ci_lb: 0.013637127028630402
ci_ub: -0.013637127028630402
Points:  8
a: [26.1126883590747, 26.129608292520142, 26.117809448433203, 26.11352877592516, 26.120612925437978, 26.14391130965471, 26.138563807652673, 26.172208056945983, 26.163405041990732, 26.147542833191658, 26.125479576803244, 26.15304415020056, 26.12018344988933, 26.140302782909245, 26.12326671021429, 26.13362704431074, 26.10403896663032, 26.118330299940023, 26.10811601442381, 26.120664774031574, 26.11124690670005, 26.15248746923115, 26.100707342444966, 26.169996487470268, 26.11971860570363, 26.140547508004587, 26.10340343179206, 26.128058084471462, 26.103508535102623, 26.101868058896137]
mean: 26.127949168333235
lb: 26.12032845685062  ub: 26.13556987981585
lb: 26.12032845685062  ub: 26.13556987981585
ci_lb: 0.015241422965232232
ci_ub: -0.015241422965232232
Points:  9
a: [28.204413375182117, 28.203799073426463, 28.211125825056353, 28.247549162130973, 28.243931705709397, 28.238295990707975, 28.200755860518086, 28.200665711078706, 28.204989399567083, 28.233121628856104, 28.21511176883834, 28.201151358184493, 28.245667135185414, 28.21693541200186, 28.20696114279236, 28.202269998833454, 28.20194609771528, 28.220118021561255, 28.22391071135091, 28.2340323532637, 28.26959874725934, 28.208330893307746, 28.202043763123307, 28.241297168372157, 28.202518219006976, 28.231462106148328, 28.20418482984172, 28.207899338900177, 28.272405799412464, 28.262102073975893]
mean: 28.221953155710278
lb: 28.21372758583366  ub: 28.230178725586896
lb: 28.21372758583367  ub: 28.230178725586907
ci_lb: 0.016451139753236532
ci_ub: -0.016451139753236532
