Points:  0
a: [13.902417611455673, 13.972074075555645, 13.912285633536817, 13.907259266885996, 13.9301442161421, 13.954483979019118, 13.90915387282871, 13.937103047631847, 13.90685774991155, 13.915839709100775, 13.904734446562511, 13.938057710883976, 13.903560626491377, 13.983515077478684, 13.937983710579372, 13.941843518310728, 13.950193357055541, 13.918458899639685, 13.907066047862813, 13.924834934309237, 13.926782505767038, 13.901652611977141, 13.916206066810984, 13.951607990131901, 13.90598947794717, 13.920856223631157, 13.913365919061782, 13.900156979578458, 13.92501798953367, 13.911450311155688]
mean: 13.924365118894574
lb: 13.91632014889725  ub: 13.932410088891897
lb: 13.91632014889725  ub: 13.932410088891897
ci_lb: 0.016089939994646585
ci_ub: -0.016089939994646585
Points:  1
a: [14.865959645409566, 14.806242323393443, 14.871230145034097, 14.823530757611492, 14.828744327164486, 14.80898845042265, 14.821636737908399, 14.859447205836501, 14.893593984244275, 14.815501899285234, 14.825950463692617, 14.800207532200483, 14.814048927861238, 14.834141681068315, 14.827908705023967, 14.820394644842866, 14.80226308862223, 14.834488664884415, 14.853243223000936, 14.804859199028998, 14.844682169143924, 14.80983159338434, 14.803404777745282, 14.806786702851527, 14.823631643560972, 14.844069718107942, 14.81812465854075, 14.808273905259414, 14.838539842125908, 14.823438507365255]
mean: 14.827772170820717
lb: 14.819236058168809  ub: 14.836308283472626
lb: 14.81923605816881  ub: 14.836308283472627
ci_lb: 0.017072225303817135
ci_ub: -0.017072225303817135
Points:  2
a: [17.25005011297437, 17.2711063317009, 17.266606724892956, 17.225306694047912, 17.226558845047695, 17.212923882313387, 17.23898388279068, 17.200827030015997, 17.26043309463704, 17.260140094525607, 17.243025624576862, 17.201253841145874, 17.287846586201738, 17.202916497677997, 17.221834845346166, 17.233998304633293, 17.22045864338612, 17.202516890040208, 17.24685258571277, 17.20631427374925, 17.210681517111894, 17.207587278410173, 17.251804598166963, 17.20015452648206, 17.255979646873506, 17.20988165405675, 17.293575431786795, 17.23332084716122, 17.23043481660502, 17.22288238960133]
mean: 17.23320858305575
lb: 17.223283133688675  ub: 17.243134032422823
lb: 17.223283133688675  ub: 17.243134032422823
ci_lb: 0.01985089873414836
ci_ub: -0.01985089873414836
Points:  3
a: [19.10820021005961, 19.171957458329327, 19.11133030384206, 19.100239323259153, 19.10486259254108, 19.171126274347703, 19.119522518933614, 19.16809461726059, 19.10853217488121, 19.115279382937295, 19.10231616213508, 19.112153644924145, 19.111316788183434, 19.175290335435573, 19.16466668434135, 19.125336815308433, 19.117753819527845, 19.120984029189287, 19.12039758034301, 19.137664501516575, 19.109973272212475, 19.14103429142344, 19.10343131710629, 19.124146784691895, 19.109980364207548, 19.106263787486004, 19.12433541635533, 19.16783479646324, 19.109000294713113, 19.115517731307637]
mean: 19.12595144244211
lb: 19.116917998118556  ub: 19.13498488676566
lb: 19.116917998118556  ub: 19.13498488676566
ci_lb: 0.018066888647105372
ci_ub: -0.018066888647105372
Points:  4
a: [20.302504676576213, 20.340061242783012, 20.301071652575203, 20.35010220844676, 20.30320077668465, 20.30607733126476, 20.32904564632087, 20.300905120569006, 20.324214736320343, 20.353049098989576, 20.34248567277342, 20.34173624119105, 20.350460638148387, 20.332150025821146, 20.31532948643047, 20.324916331751027, 20.33896647356325, 20.309392950699067, 20.36474374955722, 20.304416792098298, 20.378707029283945, 20.307285586858573, 20.334031004868162, 20.30911377140728, 20.336987467749392, 20.358090651501765, 20.30674420763213, 20.303753257392728, 20.319982920371622, 20.300845907045222]
mean: 20.326345755222484
lb: 20.31811690693486  ub: 20.334574603510106
lb: 20.318116906934865  ub: 20.33457460351011
ci_lb: 0.01645769657524454
ci_ub: -0.01645769657524454
Points:  5
a: [21.80837525127386, 21.82895750942974, 21.80083784822269, 21.814392509963902, 21.820305536875832, 21.832881129157755, 21.803211703618402, 21.816748396468807, 21.82180511249023, 21.815652427765023, 21.858171561931506, 21.807381272834817, 21.800081008456214, 21.803909284814434, 21.81850080654365, 21.810261387557432, 21.839961970193446, 21.807117030305506, 21.824393730111147, 21.83332998263596, 21.807873751974483, 21.801052319869957, 21.87550508205706, 21.811664360956694, 21.804384766475184, 21.897430659112683, 21.80640907373464, 21.801294865274333, 21.83436083407217, 21.855719421723734]
mean: 21.822065686530046
lb: 21.81329221642117  ub: 21.83083915663892
lb: 21.813292216421168  ub: 21.830839156638916
ci_lb: 0.017546940217748386
ci_ub: -0.017546940217748386
Points:  6
a: [23.41707834770995, 23.447849565698053, 23.443201578338144, 23.4618787991517, 23.421840658710572, 23.44761269362198, 23.412486385389773, 23.405337702565447, 23.40046489018941, 23.41258445017507, 23.408230064181666, 23.482207142549136, 23.43526275138957, 23.428560452980484, 23.46859666453917, 23.40591696565344, 23.409681287471443, 23.4046498053276, 23.424373998472223, 23.408565745909563, 23.42363157682488, 23.414118267220243, 23.43059023083937, 23.410309925646963, 23.400391644835576, 23.40450385739509, 23.40265080788049, 23.40707666155537, 23.403934402393524, 23.422052663092742]
mean: 23.422187999590285
lb: 23.41416680080405  ub: 23.43020919837652
lb: 23.414166800804054  ub: 23.430209198376524
ci_lb: 0.016042397572469724
ci_ub: -0.016042397572469724
Points:  7
a: [24.732562100407044, 24.726841384472227, 24.703597292322264, 24.71014692801024, 24.71713279868653, 24.75021138182246, 24.70548569504278, 24.751000597176716, 24.727491973326664, 24.79840110236984, 24.724289078348516, 24.701986699955455, 24.702615320503263, 24.704091130704445, 24.74506984697116, 24.70392025930173, 24.707143082114992, 24.752129828172585, 24.756235886799935, 24.713235262027247, 24.745361611170736, 24.701295930952497, 24.704105415277592, 24.74901249782045, 24.700531968107512, 24.705365334906872, 24.708699411158427, 24.705940369726058, 24.727919402868128, 24.70304911685161]
mean: 24.72282895691253
lb: 24.713969768853907  ub: 24.73168814497115
lb: 24.71396976885391  ub: 24.731688144971155
ci_lb: 0.01771837611724436
ci_ub: -0.01771837611724436
Points:  8
a: [26.822847127183607, 26.802781160112136, 26.800304421172868, 26.846988185222095, 26.800046562579936, 26.828406862319635, 26.808976599717983, 26.848764287331004, 26.802342644602486, 26.823461371571398, 26.849788175276565, 26.808548034577047, 26.800035882715676, 26.80423706380883, 26.802763755467442, 26.803890355135863, 26.800749647690683, 26.84439697999648, 26.808801505827486, 26.805056533946015, 26.81266467775925, 26.878079682556084, 26.816294417398677, 26.800605814352842, 26.818953319892547, 26.82064958554019, 26.807820629613715, 26.806208361421607, 26.803259047306714, 26.860206654292135]
mean: 26.817930978212967
lb: 26.81014008226378  ub: 26.825721874162156
lb: 26.81014008226378  ub: 26.825721874162156
ci_lb: 0.015581791898377162
ci_ub: -0.015581791898377162
Points:  9
a: [28.801956968432606, 28.814925086515082, 28.805389034579456, 28.809128538387878, 28.815302672045068, 28.821714766377273, 28.80970461425832, 28.80847534600445, 28.850179160894317, 28.81862136384442, 28.861421402259666, 28.869331718445043, 28.800711016362946, 28.803809477290038, 28.803676385477768, 28.800778066495564, 28.823372952220836, 28.84125916510174, 28.802817075899238, 28.80958826484076, 28.829800038193405, 28.842983382791363, 28.812771881562075, 28.801864757203667, 28.80621065674321, 28.843121743397248, 28.85258279540701, 28.836897302230774, 28.806225535457095, 28.807446168608145]
mean: 28.82040224457755
lb: 28.81294515146035  ub: 28.82785933769475
lb: 28.812945151460347  ub: 28.827859337694747
ci_lb: 0.014914186234399551
ci_ub: -0.014914186234399551
