Points:  0
a: [23.11358931884124, 23.103422130201444, 23.11467755606065, 23.10533771924093, 23.157275925551332, 23.12416083071144, 23.14338186227412, 23.13279033113253, 23.175246787865497, 23.126866967008283, 23.16985708545938, 23.111556978354532, 23.1432400750893, 23.110285755172974, 23.121031600602624, 23.146022568816043, 23.19080465239008, 23.159769792492124, 23.16854184710639, 23.130128424520944, 23.15709754851381, 23.15446298771242, 23.125100647820084, 23.100185666057243, 23.101078598729387, 23.12378404093925, 23.124916857486657, 23.11932076545578, 23.108216335113944, 23.15866156619621]
mean: 23.134027107430555
lb: 23.124773542460154  ub: 23.143280672400955
lb: 23.12477354246015  ub: 23.14328067240095
ci_lb: 0.018507129940800837
ci_ub: -0.018507129940800837
Points:  1
a: [24.25332183181778, 24.209066165325407, 24.238490447799148, 24.213334440380827, 24.209205906693423, 24.2660999554346, 24.20389242712364, 24.213750413180595, 24.22162642974223, 24.22557466392627, 24.2165495424571, 24.23362050495742, 24.204625460965286, 24.2711320207144, 24.20592186918119, 24.210666453215495, 24.238173058808552, 24.230624497373142, 24.252567042733727, 24.238526454841292, 24.218395317660725, 24.219499978534216, 24.234045170763178, 24.254290931397232, 24.24394113073278, 24.200141347354283, 24.212180092045635, 24.234549175886563, 24.220958677947678, 24.255195360810568]
mean: 24.228332225660143
lb: 24.22101238417928  ub: 24.235652067141007
lb: 24.221012384179282  ub: 24.23565206714101
ci_lb: 0.014639682961728795
ci_ub: -0.014639682961728795
Points:  2
a: [26.31124937748738, 26.303396698227267, 26.30113509224221, 26.35038961496685, 26.337959894209163, 26.310075862906892, 26.315627730849243, 26.34677518145261, 26.30476875447001, 26.31298858867275, 26.3248689666956, 26.31731214729672, 26.302479706151736, 26.3258462680413, 26.347171655055117, 26.33090301108546, 26.360923426415404, 26.362121893953475, 26.301075890519005, 26.365144376172942, 26.312803849554047, 26.343927453861944, 26.305539811282692, 26.31741096673016, 26.306640916942047, 26.328331904827866, 26.307022104515156, 26.317809241107373, 26.359268673210828, 26.330298186722956]
mean: 26.32537557485421
lb: 26.317720940841898  ub: 26.33303020886652
lb: 26.317720940841895  ub: 26.333030208866518
ci_lb: 0.01530926802462318
ci_ub: -0.01530926802462318
Points:  3
a: [28.402437415936106, 28.403514272943564, 28.404307157751457, 28.42369332360169, 28.420622029172264, 28.418345142261018, 28.41134400594737, 28.476710984878764, 28.407909244093485, 28.425646810520323, 28.40039419486208, 28.40975856226132, 28.428262947905413, 28.47077643772229, 28.430145852552208, 28.438110499140777, 28.403994739893424, 28.409610914669237, 28.40294348829203, 28.43873091593544, 28.40845002343104, 28.41203044982049, 28.40530196394004, 28.450158525542417, 28.416073614443327, 28.409659524488344, 28.445914134168362, 28.45502298505311, 28.44090784359067, 28.401466742677773]
mean: 28.422408158249866
lb: 28.414552658917643  ub: 28.43026365758209
lb: 28.414552658917643  ub: 28.43026365758209
ci_lb: 0.015710998664445697
ci_ub: -0.015710998664445697
Points:  4
a: [31.509265257053357, 31.513932508213852, 31.505839401223003, 31.50608904188755, 31.522495586346164, 31.535476580441514, 31.53131116817857, 31.501706598580405, 31.504332740334885, 31.547092184764466, 31.540684876945107, 31.53791390710265, 31.525284242015438, 31.52922710819495, 31.513193961500296, 31.50267498606846, 31.501717995727503, 31.50586811841683, 31.51351861686279, 31.501298725472786, 31.532007864008595, 31.504574538772445, 31.562505315906975, 31.523554858916654, 31.545425493119847, 31.538537762065467, 31.55220931441952, 31.50085730872167, 31.55331510923835, 31.549913942841613]
mean: 31.523727503778062
lb: 31.51660497114763  ub: 31.530850036408495
lb: 31.51660497114763  ub: 31.530850036408495
ci_lb: 0.014245065260865886
ci_ub: -0.014245065260865886
Points:  5
a: [33.31134680590642, 33.30178822420199, 33.37088778926208, 33.30198081196236, 33.30322544049343, 33.30891540969647, 33.37565862305515, 33.341995140066174, 33.34315782042274, 33.3012909285899, 33.307672189817026, 33.33175765856089, 33.33324814017951, 33.31929377170053, 33.30106891692451, 33.32937986815146, 33.3286004354863, 33.32158032813172, 33.30435613617247, 33.30236679105003, 33.315103914331424, 33.32170003620298, 33.32710845862662, 33.30593813961271, 33.32299072211081, 33.302193416148, 33.32407681404339, 33.30722365543862, 33.315535568789784, 33.37815752094617]
mean: 33.32198664920272
lb: 33.31384030482428  ub: 33.33013299358116
lb: 33.31384030482429  ub: 33.33013299358117
ci_lb: 0.016292688756877283
ci_ub: -0.016292688756877283
Points:  6
a: [35.729963093662924, 35.72759363360272, 35.77956905595034, 35.72318310179598, 35.707230192207106, 35.72644790294783, 35.722853682180904, 35.73282308732648, 35.705284853213264, 35.72266630091456, 35.71742852853307, 35.71245778173366, 35.71885949456894, 35.71362190563337, 35.70026343487277, 35.70098998195793, 35.71688941595704, 35.70316658985334, 35.70162841139213, 35.71000032047767, 35.73027800307132, 35.76669756073991, 35.75301514450483, 35.73575768071236, 35.71970816274141, 35.751051985062496, 35.70926237110152, 35.70134090969806, 35.71963143667607, 35.70010990939647]
mean: 35.72199246441621
lb: 35.71464363821032  ub: 35.7293412906221
lb: 35.714643638210326  ub: 35.72934129062211
ci_lb: 0.014697652411783224
ci_ub: -0.014697652411783224
Points:  7
a: [38.65482442407641, 38.60471525602497, 38.632750896880175, 38.600899073284474, 38.626250387906126, 38.61041810912186, 38.60708823994418, 38.604160983810694, 38.65321180862669, 38.60893478386355, 38.60016694443372, 38.60559441187266, 38.60372632535703, 38.60211147532367, 38.6168139370061, 38.60028908772777, 38.649277769257644, 38.675458827093784, 38.66205269794204, 38.602465734610725, 38.62427085037956, 38.67532566396241, 38.60151782490505, 38.601110721025876, 38.62145755035138, 38.61071701512993, 38.634868969344254, 38.6170737950566, 38.60857310954028, 38.625982273085775]
mean: 38.62140363156484
lb: 38.61275876098938  ub: 38.6300485021403
lb: 38.61275876098938  ub: 38.6300485021403
ci_lb: 0.017289741150918303
ci_ub: -0.017289741150918303
Points:  8
a: [41.402603802154964, 41.42121205515056, 41.45303411392089, 41.41952662114309, 41.49664729609015, 41.42623115727782, 41.4157115883785, 41.491134039177396, 41.401675937654495, 41.41461183906122, 41.483787515088096, 41.41381120936553, 41.41591783364436, 41.47286614178005, 41.42928199790982, 41.46773441347323, 41.40618575320015, 41.4008768822448, 41.40024415967411, 41.428370758383856, 41.40137097597862, 41.416664103221805, 41.46158135133701, 41.46386410080433, 41.41377454427016, 41.4062110380097, 41.41117117547236, 41.46597681969494, 41.40431081176826, 41.47071811927702]
mean: 41.43257027182025
lb: 41.42105845128938  ub: 41.444082092351124
lb: 41.42105845128938  ub: 41.444082092351124
ci_lb: 0.023023641061740818
ci_ub: -0.023023641061740818
Points:  9
a: [43.10731520226602, 43.07790759771676, 43.092242432784936, 43.10686305962082, 43.09461080680326, 43.077584630899736, 43.07345886549496, 43.073172743331654, 43.07552070729589, 43.07186169032548, 43.07165210020401, 43.11273709040761, 43.12309991296468, 43.105399476265504, 43.08071106007057, 43.0964819909865, 43.125592415239915, 43.076033850176266, 43.0726415960496, 43.10169722305389, 43.096242461940534, 43.07789426432585, 43.07649774737573, 43.07948616330487, 43.07172787292094, 43.076280930805645, 43.08968703776884, 43.08532173765543, 43.085607627152406, 43.13410213539471]
mean: 43.089647747686776
lb: 43.08299548730396  ub: 43.09630000806959
lb: 43.08299548730396  ub: 43.09630000806959
ci_lb: 0.01330452076562949
ci_ub: -0.01330452076562949
