Points:  0
a: [10.418990411800296, 10.407298297558208, 10.436756565613518, 10.443848629397129, 10.43737113430513, 10.405097826990895, 10.434763536157044, 10.453902998450387, 10.41675437763239, 10.425158253597537, 10.402620135648792, 10.401262235599246, 10.406636220999774, 10.44667849888528, 10.404309680674146, 10.414292096422702, 10.445947013788466, 10.401833342167842, 10.417140132929207, 10.40667218843743, 10.400058531637734, 10.409579541715043, 10.461653062998522, 10.406321938545846, 10.412071626478646, 10.442751540664581, 10.400428387433527, 10.401071366445919, 10.468102354463063, 10.401918792516705]
mean: 10.421043023998498
lb: 10.41334978730756  ub: 10.428736260689437
lb: 10.41334978730756  ub: 10.428736260689437
ci_lb: 0.015386473381877153
ci_ub: -0.015386473381877153
Points:  1
a: [11.712333863243416, 11.712822882756841, 11.704921376660662, 11.71059401381955, 11.706780978821216, 11.70419643407081, 11.703445919634728, 11.701704808188625, 11.7702046673965, 11.700945027852729, 11.73486040293592, 11.767803319492884, 11.720298085898616, 11.702387369604189, 11.714773206918741, 11.705448050494521, 11.706313844005605, 11.717487997770302, 11.72845633898431, 11.703914526841281, 11.756399241176467, 11.716053802570556, 11.728423383456217, 11.714394958494616, 11.74046561838012, 11.725816232556994, 11.706740081810121, 11.701967488301092, 11.706123879795987, 11.712973471166658]
mean: 11.71796837577001
lb: 11.710884575688656  ub: 11.725052175851364
lb: 11.710884575688654  ub: 11.725052175851362
ci_lb: 0.014167600162707572
ci_ub: -0.014167600162707572
Points:  2
a: [12.9586018429427, 12.906553385946584, 12.945326041453882, 12.919336658450836, 12.948396863128718, 12.90008389963714, 12.900571491444314, 12.90143078073542, 12.930174911861032, 12.906819635444666, 12.96639687449537, 12.901542253994924, 12.913254658423647, 12.939215060957158, 12.913232532043715, 12.949113893124514, 12.977911858211144, 12.923897875405961, 12.903102812450673, 12.936831493917158, 12.901106629586412, 12.92043536676517, 12.929035197578955, 12.960240263627654, 12.922983959661664, 12.909284348985118, 12.90314431665838, 12.907809312472946, 12.907413508905812, 12.913315039906301]
mean: 12.923885425607265
lb: 12.915501519507005  ub: 12.932269331707525
lb: 12.915501519507007  ub: 12.932269331707527
ci_lb: 0.016767812200519927
ci_ub: -0.016767812200519927
Points:  3
a: [14.31999873170519, 14.363221188849803, 14.348959702581705, 14.312691130737335, 14.358555233762342, 14.388195615463877, 14.332734857091257, 14.31914406662858, 14.301020312590298, 14.361892022583808, 14.308946334946114, 14.3173496053173, 14.31661298359325, 14.300160041419584, 14.387189105035217, 14.306125113399865, 14.32391780932791, 14.32132983637964, 14.303826211091934, 14.309821806542999, 14.302936391957562, 14.301437351373053, 14.338881641864543, 14.336555355975433, 14.323743405639805, 14.315221139646164, 14.325015077864776, 14.304921897891548, 14.300410331772332, 14.374194400122912]
mean: 14.327500290105206
lb: 14.317697174841214  ub: 14.337303405369198
lb: 14.31769717484121  ub: 14.337303405369195
ci_lb: 0.019606230527983826
ci_ub: -0.019606230527983826
Points:  4
a: [15.810542693675085, 15.82374302648235, 15.816604079412487, 15.804995036078264, 15.801262997957883, 15.805358601676815, 15.807976792991408, 15.837407005511924, 15.81244803606029, 15.800645370673324, 15.803281055765906, 15.848161605371967, 15.808674212828365, 15.819831969633823, 15.805810333438403, 15.818508812642422, 15.852350118472803, 15.808770145482532, 15.86056330647284, 15.81178103699443, 15.822446880340184, 15.831573424273758, 15.848528140879548, 15.804991074457185, 15.804300866123457, 15.80323817633107, 15.834203959365183, 15.840390785059272, 15.801932156384074, 15.838270378293798]
mean: 15.819619735971031
lb: 15.813021610595271  ub: 15.826217861346791
lb: 15.81302161059527  ub: 15.82621786134679
ci_lb: 0.013196250751519756
ci_ub: -0.013196250751519756
Points:  5
a: [16.845433456287, 16.82624780145472, 16.829665766789372, 16.80696996692622, 16.815774780059876, 16.82488181607553, 16.85004826061, 16.821889598103514, 16.819358597819004, 16.815111979969526, 16.80343448116225, 16.834321027455093, 16.856071058976426, 16.80200735506134, 16.842668024848606, 16.807979090592074, 16.817340573607222, 16.8286632230799, 16.80981764976119, 16.803430247824053, 16.80064368829302, 16.820989368740264, 16.80045537901087, 16.816341838662453, 16.80739731078119, 16.8225474720673, 16.813949370647705, 16.803434511920837, 16.810795123073632, 16.877350031579194]
mean: 16.821167295041313
lb: 16.814329369482525  ub: 16.8280052206001
lb: 16.814329369482525  ub: 16.8280052206001
ci_lb: 0.013675851117575633
ci_ub: -0.013675851117575633
Points:  6
a: [17.740766652951688, 17.733959278557613, 17.717007655989924, 17.71143110498871, 17.733642087733333, 17.73034293929516, 17.71669540785974, 17.710401633376378, 17.70195164967504, 17.701096080130853, 17.75127925766694, 17.705104138274482, 17.724801047476706, 17.70045413747185, 17.728422167231876, 17.71676994697046, 17.700169220252786, 17.713092363916036, 17.703279363547143, 17.769430608534527, 17.73050759308154, 17.788363802587785, 17.722966115762624, 17.72917376017226, 17.781377313737625, 17.700094036154333, 17.71085911177521, 17.71560303458995, 17.70444391218935, 17.701996495795147]
mean: 17.72318273059157
lb: 17.714399836906548  ub: 17.731965624276594
lb: 17.714399836906548  ub: 17.731965624276594
ci_lb: 0.017565787370045882
ci_ub: -0.017565787370045882
Points:  7
a: [18.17348063154482, 18.115374828485006, 18.102417872041006, 18.12347593144804, 18.124932451594432, 18.115328234784762, 18.10014380146212, 18.130000122268864, 18.14318451401563, 18.12757407905904, 18.12355390149821, 18.181979663639087, 18.171740671036652, 18.11321795308913, 18.105972977226756, 18.15367920334213, 18.105010444931654, 18.16011805964907, 18.103484597339868, 18.120317673134977, 18.170859500401914, 18.12788060037541, 18.124005617277245, 18.111403276674036, 18.138596562119446, 18.180888743156572, 18.160691926419208, 18.111402681602133, 18.123545373525438, 18.101196367971145]
mean: 18.13151527537046
lb: 18.121891471359923  ub: 18.141139079381
lb: 18.121891471359923  ub: 18.141139079381
ci_lb: 0.01924760802107528
ci_ub: -0.01924760802107528
Points:  8
a: [19.20675815451478, 19.208040847952606, 19.203006824771577, 19.214778153208158, 19.201677890866726, 19.21914336994941, 19.219240130746112, 19.283177014964046, 19.210849316632746, 19.254013377842483, 19.245864627962124, 19.232269531941004, 19.221471090444982, 19.201298298470846, 19.23056038082792, 19.26577528445164, 19.203548120438043, 19.203328287558932, 19.205836328541437, 19.22205217986494, 19.230764155163047, 19.217708298606173, 19.23984341199228, 19.23231087712432, 19.233399746072152, 19.238578443864576, 19.21056929183535, 19.230123582689497, 19.20672852961347, 19.28602108942854]
mean: 19.225957887944666
lb: 19.21741254852143  ub: 19.234503227367902
lb: 19.217412548521427  ub: 19.2345032273679
ci_lb: 0.017090678846471974
ci_ub: -0.017090678846471974
Points:  9
a: [20.306168802819407, 20.327251815031293, 20.318281125399153, 20.309421440079728, 20.30847139442642, 20.37761146075964, 20.335034246019674, 20.302721911760834, 20.33023569027061, 20.309303928157615, 20.30428320301752, 20.312039423964347, 20.300393682021607, 20.324048079926833, 20.3002523671543, 20.362906941040954, 20.31337297505179, 20.357175805505477, 20.314074218493435, 20.304288633020548, 20.305927946350927, 20.30830422096204, 20.32811735979292, 20.36057658591862, 20.318945314785694, 20.303699599348267, 20.30310972987236, 20.309109240843515, 20.378187733676555, 20.372403418679394]
mean: 20.323523943138387
lb: 20.31430362706759  ub: 20.332744259209182
lb: 20.31430362706759  ub: 20.332744259209182
ci_lb: 0.01844063214159064
ci_ub: -0.01844063214159064
