Points:  0
a: [7.623266664565001, 7.618357647470633, 7.614717631985904, 7.617083627340272, 7.60519552754847, 7.605265115017411, 7.647112256045365, 7.61616519025658, 7.61052028750757, 7.634919752456634, 7.604316951445898, 7.679346204104719, 7.615820323952329, 7.67109211097104, 7.63020616280202, 7.651562244291633, 7.6060359730023785, 7.627301820050924, 7.614805314543556, 7.609224878039584, 7.67942148799269, 7.642397291036601, 7.619956612784714, 7.607617567518778, 7.647409302463985, 7.657536135074585, 7.63851960306783, 7.601222933659454, 7.629811736538508, 7.647776142080161]
mean: 7.6291328165205075
lb: 7.620685008296021  ub: 7.637580624744994
lb: 7.620685008296021  ub: 7.637580624744994
ci_lb: 0.016895616448973527
ci_ub: -0.016895616448973527
Points:  1
a: [8.303618410062512, 8.308245275346762, 8.315938421655348, 8.32554921015565, 8.30034925776823, 8.3028127515017, 8.304152702410882, 8.327221004620924, 8.33234399542708, 8.349983621896254, 8.30635609988204, 8.315233156403188, 8.36603112954554, 8.304645009376545, 8.361607076064677, 8.300789550510686, 8.31684167993258, 8.304678074962345, 8.30001725972009, 8.312086043421276, 8.33818397179285, 8.327086473920303, 8.343673724090433, 8.311998937805278, 8.347666736220287, 8.301399216990724, 8.310663275107212, 8.301341908670972, 8.318506567287116, 8.309964921903529]
mean: 8.318966182148435
lb: 8.311866596463577  ub: 8.326065767833292
lb: 8.311866596463576  ub: 8.32606576783329
ci_lb: 0.014199171369714492
ci_ub: -0.014199171369714492
Points:  2
a: [9.32130770718287, 9.30259713323443, 9.300365367953043, 9.33260873567165, 9.304227792906596, 9.313276125891209, 9.364773736846095, 9.312694465752928, 9.300044886488655, 9.322678056965524, 9.34041813336823, 9.318149981406624, 9.34166345878557, 9.340924864458243, 9.338404705536579, 9.302601256665133, 9.32219427085776, 9.304609500095106, 9.315495944772902, 9.328915751113302, 9.301030150377569, 9.34321645969279, 9.303550336123552, 9.338115052898981, 9.327807684788008, 9.313172620582302, 9.358997465289379, 9.320736328392092, 9.340340215386604, 9.33506330560016]
mean: 9.32366604983613
lb: 9.316986063051282  ub: 9.330346036620977
lb: 9.316986063051282  ub: 9.330346036620977
ci_lb: 0.013359973569695427
ci_ub: -0.013359973569695427
Points:  3
a: [9.83497276393706, 9.817289587510441, 9.822840843011006, 9.828942268314416, 9.820449261788783, 9.813029923443164, 9.811679636246257, 9.845682103621595, 9.820433249302775, 9.808286265883053, 9.84880078701074, 9.806526365056305, 9.806949486983731, 9.807091560255287, 9.812174442208647, 9.86995766669095, 9.807318216424612, 9.817406496004454, 9.84769593718195, 9.845356131902083, 9.812607564977675, 9.8056795829102, 9.834222749965674, 9.8053997587383, 9.811572932282102, 9.846456856673438, 9.807797519887616, 9.810230405365488, 9.81006287256398, 9.862078001572625]
mean: 9.823299707923812
lb: 9.816383003513833  ub: 9.830216412333792
lb: 9.816383003513835  ub: 9.830216412333794
ci_lb: 0.013833408819959203
ci_ub: -0.013833408819959203
Points:  4
a: [10.92395762697416, 10.92476514754785, 10.954312213591498, 10.922900057891152, 10.920408161905776, 10.933122207347132, 10.904576649914256, 10.928290383536073, 10.909332857525166, 10.916476864496396, 10.906963136455788, 10.93015362469472, 10.922387678142181, 10.922788169189456, 10.91841762010593, 10.904697384014245, 10.938698024938867, 10.906628845902699, 10.967133667781201, 10.90175890228308, 10.937229888806684, 10.914280550864232, 10.90349076588794, 10.94689779365709, 10.908289652617176, 10.90002677747124, 10.922326335789984, 10.959324439958703, 10.902107662949797, 10.907247880673049]
mean: 10.921966365763783
lb: 10.915309937226818  ub: 10.928622794300749
lb: 10.915309937226818  ub: 10.928622794300749
ci_lb: 0.013312857073930928
ci_ub: -0.013312857073930928
Points:  5
a: [12.079748189136469, 12.119361292776501, 12.125890701863899, 12.097846006220319, 12.070726495198125, 12.103317377917067, 12.07034233463775, 12.08291162231961, 12.098988145913362, 12.07288653125467, 12.118062110825704, 12.108387938054006, 12.108037495936472, 12.0908399988104, 12.096818593414019, 12.092724873066219, 12.093205697744969, 12.111422996579254, 12.082292326285176, 12.094446848518006, 12.100231292946543, 12.132651230565466, 12.089911010402373, 12.13200737974634, 12.070757486927318, 12.150677431676737, 12.0966577030163, 12.09580382825888, 12.09215609235949, 12.070061316364935]
mean: 12.098305744957884
lb: 12.090747671281461  ub: 12.105863818634306
lb: 12.090747671281461  ub: 12.105863818634306
ci_lb: 0.015116147352845388
ci_ub: -0.015116147352845388
Points:  6
a: [12.98157391195981, 12.98040533612932, 12.963579273649374, 12.953221562957006, 12.970551647552679, 12.954678912327756, 12.958530365344053, 13.02392134850005, 12.950172173087944, 12.957001985611962, 12.951944546978709, 12.978707571435192, 12.985226757449658, 12.980268138844458, 12.955786923617083, 12.992935446155343, 13.009637552363884, 12.952773790841741, 13.022227612364686, 13.011868672214966, 12.978414347814944, 12.969466473423886, 12.956100902573153, 12.983020096982585, 12.95207078944158, 12.973280508129688, 12.970343782491318, 12.96143322098122, 12.956796506146903, 12.962061829530692]
mean: 12.973266732896722
lb: 12.96536880505675  ub: 12.981164660736694
lb: 12.96536880505675  ub: 12.981164660736694
ci_lb: 0.01579585567994357
ci_ub: -0.01579585567994357
Points:  7
a: [13.75507561465119, 13.788813310925013, 13.751319459623904, 13.796141813681928, 13.763854326560551, 13.754334328392195, 13.771262452645722, 13.766723153428725, 13.755670343295991, 13.75016333654658, 13.754741323741335, 13.752652578496894, 13.758847378023605, 13.773428066600871, 13.755803591133242, 13.755283745385507, 13.754413036559034, 13.753148832777612, 13.781734408342674, 13.752927871113974, 13.75682470717232, 13.754229150343804, 13.759181453227349, 13.758248736755723, 13.777291230017275, 13.753899237072735, 13.750556607719972, 13.774937483728944, 13.772599019272242, 13.782650051468824]
mean: 13.762891888290193
lb: 13.758193775320489  ub: 13.767590001259897
lb: 13.758193775320489  ub: 13.767590001259897
ci_lb: 0.009396225939408254
ci_ub: -0.009396225939408254
Points:  8
a: [14.884629793365587, 14.890536473242078, 14.880618953410664, 14.886283254324502, 14.901214763731344, 14.926424740624414, 14.887777925831134, 14.894393991644227, 14.875367313083403, 14.884425368196435, 14.8697569928488, 14.866485283056912, 14.865541422131875, 14.852864877734593, 14.862198566444906, 14.913714541673263, 14.908800536651825, 14.900454743429542, 14.885578171350016, 14.86893218865338, 14.85955970190048, 14.89740732131465, 14.862469366143555, 14.859345608384196, 14.850281915592564, 14.86201351873516, 14.90034518739691, 14.85184895615494, 14.869666477863614, 14.862090445972527]
mean: 14.879367613362916
lb: 14.87194543551397  ub: 14.886789791211863
lb: 14.87194543551397  ub: 14.886789791211863
ci_lb: 0.014844355697892553
ci_ub: -0.014844355697892553
Points:  9
a: [15.446762787236366, 15.415381129718229, 15.432783418566794, 15.436487577225643, 15.417959878879707, 15.433316196817207, 15.437668120013848, 15.44306789468586, 15.446164950465418, 15.468221154757776, 15.442732742012778, 15.438908579439724, 15.41184432459324, 15.425965083155582, 15.411574286308246, 15.411037233613245, 15.460837347727802, 15.419440796252598, 15.447548553115913, 15.434617646841202, 15.446333731152029, 15.447474530452, 15.44306753099774, 15.439358411686303, 15.442657352503812, 15.420157225916713, 15.440171983145618, 15.422636568666194, 15.437904252619362, 15.411676762009899]
mean: 15.434458601685895
lb: 15.428921158742849  ub: 15.439996044628941
lb: 15.428921158742849  ub: 15.439996044628941
ci_lb: 0.01107488588609229
ci_ub: -0.01107488588609229
